# class blue green red nir swir_1 swir_2 red_edge_1 red_edge_2 red_edge_3 BCMAD EMAD SMAD NDVI LAI MNDWI slope
1.000000 855.666667 1101.666667 1382.333333 2501.333333 3798.666667 3217.000000 1690.666667 2144.000000 2391.333333 0.047051 773.331543 0.002264 0.287456 0.584385 -0.550542 4.152708
1.000000 564.142857 791.857143 793.857143 2664.857143 2642.571429 1842.714286 1205.142857 2220.428571 2532.142857 0.070802 992.221985 0.006000 0.541498 1.166440 -0.539164 3.364964
0.000000 566.375000 872.583333 939.458333 2542.125000 2870.875000 1966.791667 1487.333333 2182.875000 2422.166667 0.051504 704.556335 0.002020 0.462162 0.923107 -0.534270 2.545961
0.000000 439.312500 622.937500 701.375000 2559.187500 2412.437500 1476.500000 1143.250000 2095.312500 2427.375000 0.065302 804.653015 0.003276 0.570939 1.131485 -0.590747 3.517323
0.000000 523.062500 746.750000 901.250000 2682.125000 2829.125000 1899.625000 1389.750000 2255.187500 2576.812500 0.065931 908.630859 0.003946 0.499987 1.021082 -0.584016 3.410761
1.000000 915.000000 1321.000000 1801.250000 2797.916667 3853.750000 3145.916667 2123.833333 2460.500000 2672.166667 0.088579 1493.937134 0.001765 0.218112 0.421902 -0.490244 1.972461
1.000000 919.454545 1290.818182 1744.545455 2684.727273 3855.727273 3183.545455 2024.727273 2338.000000 2538.909091 0.064277 1007.766663 0.001434 0.213128 0.405971 -0.498858 4.485614
0.000000 641.857143 919.428571 1204.428571 2288.285714 3260.000000 2462.571429 1602.571429 2018.000000 2218.857143 0.074796 1052.936646 0.004647 0.313607 0.551272 -0.561301 1.321312
0.000000 787.916667 1134.250000 1498.000000 2646.916667 3470.583333 2686.833333 1897.833333 2349.291667 2564.875000 0.091880 1420.099609 0.003493 0.278292 0.543890 -0.507810 2.768983
1.000000 654.583333 880.250000 1063.000000 2339.750000 3218.333333 2295.916667 1410.916667 1956.166667 2212.083333 0.068689 1001.023132 0.005050 0.376751 0.720848 -0.569788 3.351998
0.000000 794.258065 1074.903226 1314.419355 2585.161290 3967.580645 2775.419355 1695.064516 2196.516129 2432.870968 0.055351 941.527100 0.003317 0.326879 0.673797 -0.574486 3.197003
0.000000 910.444444 1167.777778 1485.611111 2524.333333 4363.500000 3299.333333 1812.944444 2172.611111 2383.833333 0.052172 895.878357 0.001731 0.259396 0.524312 -0.578620 3.268733
1.000000 468.285714 660.714286 692.571429 2216.428571 2512.571429 1738.285714 1086.000000 1852.428571 2114.571429 0.101321 1245.400269 0.014026 0.523849 0.953750 -0.583657 3.051794
1.000000 456.666667 660.333333 728.166667 2142.833333 2442.166667 1667.666667 1089.166667 1775.333333 2020.500000 0.062146 726.579895 0.004297 0.492706 0.859794 -0.574286 3.476321
1.000000 513.777778 701.888889 717.444444 2483.222222 2709.888889 1984.666667 1098.777778 2025.111111 2326.555556 0.063655 844.650269 0.005832 0.551659 1.117090 -0.587584 3.284320
0.000000 900.475000 1220.575000 1492.825000 2776.875000 4146.650000 2937.700000 1892.225000 2395.375000 2636.275000 0.050309 926.745972 0.002999 0.301049 0.656303 -0.546166 3.468597
0.000000 853.666667 1152.476190 1397.714286 2662.857143 4045.047619 2871.571429 1782.809524 2283.523810 2517.380952 0.051655 890.597534 0.003468 0.312400 0.663317 -0.557093 4.628161
0.000000 982.047619 1325.625000 1695.845238 2555.898810 3500.291667 2988.994048 1970.250000 2289.952381 2469.273810 0.053301 860.168518 0.001700 0.206290 0.390275 -0.453440 3.331624
0.000000 537.679775 754.853933 970.758427 2326.831461 2830.432584 1973.634831 1341.674157 1949.837079 2203.853933 0.076900 973.071655 0.005025 0.414928 0.753372 -0.580147 2.688625
0.000000 430.375000 604.125000 674.125000 2580.875000 2354.250000 1446.687500 1121.437500 2122.812500 2454.000000 0.057259 678.539307 0.002692 0.584929 1.168449 -0.592576 3.089143
0.000000 1470.112450 1664.967871 1941.827309 2411.060241 4120.124498 4223.152610 2112.506024 2190.180723 2311.076305 0.037156 680.352905 0.000773 0.109705 0.206628 -0.427143 0.004733
0.000000 595.580645 904.806452 1253.887097 2250.983871 2992.258065 2442.935484 1594.193548 1985.435484 2169.112903 0.062604 923.922485 0.003303 0.285331 0.471980 -0.536038 2.454969
0.000000 640.208333 934.208333 1230.083333 2438.833333 3215.375000 2357.666667 1625.916667 2124.041667 2340.750000 0.072858 1079.227173 0.005554 0.331226 0.611626 -0.550341 4.087423
0.000000 589.300000 874.900000 1124.500000 2443.400000 3119.200000 2266.100000 1562.400000 2134.300000 2366.800000 0.077522 1147.054565 0.009112 0.370453 0.690251 -0.562154 1.040182
0.000000 476.666667 667.238095 792.047619 2515.333333 2516.142857 1569.047619 1215.904762 2076.047619 2393.190476 0.056428 687.422668 0.003659 0.524117 1.022578 -0.581952 3.255939
1.000000 981.421053 1420.684211 1966.157895 3003.631579 3922.684211 3079.526316 2300.473684 2662.526316 2877.157895 0.067090 1268.347046 0.002267 0.209184 0.421033 -0.468408 1.701582
1.000000 746.500000 979.125000 1188.375000 2232.250000 3700.250000 2707.875000 1522.500000 1917.500000 2122.125000 0.056693 841.348511 0.002438 0.305171 0.568038 -0.581527 2.959425
1.000000 779.846154 1008.538462 1215.538462 2486.076923 3436.769231 2816.923077 1549.307692 2088.692308 2337.076923 0.065354 1029.139526 0.005757 0.345091 0.707799 -0.546943 3.245122
1.000000 783.500000 1074.400000 1421.200000 2426.500000 3609.800000 2745.700000 1732.100000 2111.100000 2316.200000 0.056118 826.656372 0.001924 0.261523 0.485093 -0.541541 1.571287
1.000000 1081.533333 1521.333333 2058.666667 2987.600000 3935.733333 3418.933333 2361.133333 2667.866667 2856.400000 0.051412 927.227661 0.000909 0.184273 0.369979 -0.442493 3.574094
1.000000 754.909091 1016.909091 1263.000000 2421.090909 3335.727273 2672.818182 1591.727273 2059.363636 2283.636364 0.062717 975.402527 0.004265 0.314728 0.612495 -0.533107 3.612126
0.000000 669.705882 907.058824 1107.882353 2309.352941 3130.470588 2282.411765 1463.941176 1939.058824 2168.058824 0.066169 918.616699 0.003483 0.355458 0.663553 -0.552130 2.241212
0.000000 617.400000 883.200000 1062.000000 2515.200000 3061.200000 2148.800000 1510.000000 2114.400000 2379.000000 0.078306 1024.562866 0.004149 0.418050 0.809566 -0.557789 2.377350
0.000000 988.000000 1355.285714 1813.714286 2896.142857 4014.428571 3205.428571 2179.285714 2549.857143 2755.714286 0.056616 1028.093140 0.002359 0.235338 0.482350 -0.499920 1.301652
0.000000 806.833333 1099.500000 1483.500000 2474.166667 3856.833333 2963.166667 1829.666667 2153.166667 2342.833333 0.051064 873.883606 0.003227 0.250302 0.466667 -0.556329 1.044398
0.000000 746.100000 1043.400000 1376.750000 2640.500000 3604.250000 2756.800000 1776.950000 2266.050000 2504.400000 0.054727 831.467468 0.001485 0.315583 0.629181 -0.552173 1.893915
0.000000 570.933333 819.733333 1068.333333 2172.066667 2964.933333 2134.200000 1414.533333 1842.133333 2043.333333 0.081406 1025.973511 0.007839 0.342534 0.579570 -0.567999 2.911778
0.000000 731.200000 1011.466667 1200.600000 2690.600000 3270.066667 2395.066667 1618.933333 2270.666667 2549.400000 0.055435 850.712280 0.000908 0.384469 0.818476 -0.528540 3.957082
0.000000 541.055556 747.444444 875.611111 2078.555556 2674.000000 1928.888889 1220.500000 1737.777778 1961.222222 0.074704 842.159119 0.003670 0.413177 0.701447 -0.565240 2.985060
1.000000 567.166667 686.333333 845.833333 1472.500000 2922.000000 2516.500000 1053.000000 1309.500000 1461.166667 0.078511 874.844727 0.003574 0.269810 0.342202 -0.619203 3.374507
1.000000 786.166667 1012.666667 1215.166667 2370.166667 3383.000000 2795.000000 1517.500000 1986.000000 2212.666667 0.054954 859.563171 0.004147 0.321964 0.640831 -0.539249 2.058914
0.000000 641.513514 874.108108 1127.567568 2238.027027 3457.891892 2341.405405 1453.027027 1864.729730 2084.243243 0.069200 981.149475 0.003438 0.330310 0.588770 -0.597351 3.671531
0.000000 504.291667 722.666667 858.750000 2106.541667 2748.000000 1881.958333 1242.833333 1774.708333 1991.166667 0.072865 869.775452 0.007881 0.429468 0.722438 -0.585507 2.545664
0.000000 508.321429 716.857143 871.678571 2166.107143 2833.642857 1901.285714 1240.535714 1797.107143 2035.035714 0.071153 880.573914 0.005709 0.432127 0.745820 -0.597461 3.334392
0.000000 867.400000 1245.133333 1572.666667 2928.400000 3763.866667 2657.933333 2003.866667 2532.600000 2770.666667 0.061109 1055.598511 0.002856 0.301647 0.655168 -0.503429 2.232110
0.000000 544.625000 757.125000 924.625000 1941.750000 2530.500000 1758.875000 1238.500000 1667.250000 1852.000000 0.073957 823.893738 0.003766 0.355850 0.569050 -0.539884 2.170707
1.000000 773.555556 1158.888889 1688.777778 2689.111111 3615.888889 2999.111111 2020.333333 2380.333333 2578.444444 0.066350 1090.739624 0.001524 0.229155 0.414890 -0.514763 1.489356
0.000000 680.470588 946.705882 1232.352941 2315.529412 3218.117647 2297.235294 1568.823529 1963.823529 2172.411765 0.076002 967.397888 0.002324 0.305408 0.552856 -0.545426 2.165925
0.000000 443.000000 705.714286 857.285714 2332.285714 2439.857143 1665.428571 1330.000000 1994.142857 2230.428571 0.081757 991.486633 0.002957 0.462997 0.826006 -0.551135 1.176946
1.000000 940.000000 1366.666667 1857.666667 2878.000000 3720.000000 3121.333333 2181.333333 2560.666667 2758.333333 0.081069 1319.171143 0.001687 0.222234 0.432728 -0.466184 1.074829
1.000000 1090.100000 1565.100000 2141.700000 3045.200000 3972.700000 3541.400000 2439.600000 2736.600000 2918.000000 0.059516 1152.549561 0.000976 0.174316 0.343353 -0.434896 0.527046
1.000000 636.333333 905.000000 1228.333333 2236.666667 3102.333333 2471.000000 1570.333333 1964.666667 2153.666667 0.088566 1194.586426 0.005071 0.290996 0.496808 -0.548315 4.337464
0.000000 537.272727 767.454545 1004.909091 2045.000000 2719.090909 2034.090909 1332.454545 1748.000000 1935.909091 0.114900 1465.410645 0.011406 0.341968 0.552107 -0.560094 2.022728
0.000000 1023.177083 1442.083333 1944.177083 2894.843750 3733.604167 3146.041667 2283.947917 2653.104167 2834.385417 0.047402 851.660217 0.001403 0.198618 0.392664 -0.444589 2.478779
1.000000 1018.266667 1514.733333 2147.066667 3091.366667 4395.700000 3885.966667 2467.933333 2782.933333 2981.866667 0.058074 1139.275879 0.001351 0.181356 0.348983 -0.488192 2.090336
1.000000 640.000000 882.000000 1134.000000 2224.000000 3077.000000 2297.000000 1443.000000 1881.000000 2098.000000 0.069884 1102.391479 0.005160 0.324598 0.574933 -0.554433 3.173239
1.000000 884.370370 1284.259259 1763.074074 2753.148148 3728.666667 3158.814815 2100.407407 2434.962963 2623.037037 0.082024 1396.163574 0.002678 0.220160 0.418718 -0.488190 2.658685
0.000000 419.089286 607.577381 704.202381 2270.369048 2404.988095 1490.785714 1097.089286 1856.238095 2141.160714 0.068128 807.702759 0.003595 0.528604 0.944191 -0.597569 2.386909
0.000000 713.000000 970.187500 1188.964286 2289.080357 3568.089286 2639.901786 1528.196429 1961.866071 2163.026786 0.044223 620.337585 0.001796 0.323194 0.591684 -0.574067 3.438939
1.000000 497.800000 691.200000 741.000000 2101.000000 2677.400000 1955.400000 1095.800000 1750.400000 1978.000000 0.070404 873.260559 0.004645 0.475837 0.840726 -0.589791 4.430673
1.000000 783.000000 997.625000 1211.875000 2246.000000 3491.875000 2893.500000 1499.125000 1899.125000 2102.625000 0.071299 1051.469849 0.004581 0.306752 0.569535 -0.560336 4.514224
1.000000 686.571429 887.285714 1066.000000 2213.071429 3440.857143 2864.285714 1385.642857 1853.285714 2078.571429 0.086362 1400.867432 0.007253 0.353448 0.654062 -0.591699 5.560136
0.000000 871.096774 1198.645161 1456.935484 2632.419355 3979.290323 2968.870968 1811.580645 2265.290323 2493.483871 0.043767 746.586792 0.002323 0.287761 0.598191 -0.536629 2.456522
0.000000 610.000000 840.142857 1040.714286 2383.285714 3634.000000 2398.071429 1407.285714 1968.428571 2220.571429 0.049177 717.337280 0.002807 0.395074 0.748052 -0.626037 4.069325
0.000000 801.375000 1101.781250 1344.187500 2501.781250 3948.468750 2895.437500 1686.312500 2130.718750 2349.500000 0.048301 824.255188 0.002584 0.301690 0.601311 -0.564087 3.141495
0.000000 698.615385 978.923077 1162.769231 2519.461538 3136.923077 2224.000000 1595.230769 2150.461538 2380.923077 0.061202 848.050903 0.001680 0.373176 0.746312 -0.525878 2.028577
1.000000 760.125000 941.375000 1099.625000 2158.500000 3314.250000 2907.375000 1374.000000 1818.625000 2028.375000 0.070973 978.593079 0.002588 0.325319 0.613612 -0.558257 3.815625
1.000000 518.166667 708.000000 766.666667 2055.833333 2758.833333 2043.500000 1122.000000 1736.000000 1967.833333 0.111048 1405.130493 0.018139 0.455746 0.793533 -0.591704 4.692658
1.000000 493.000000 752.857143 723.142857 2453.285714 2675.571429 1894.000000 1207.714286 2072.857143 2341.285714 0.113460 1551.233154 0.014094 0.543903 1.078340 -0.559525 2.742357
1.000000 675.800000 855.900000 1043.300000 1944.700000 3253.200000 2629.500000 1304.600000 1653.700000 1844.000000 0.069531 869.478333 0.002822 0.303242 0.503038 -0.584189 7.728746
1.000000 871.428571 1284.285714 1752.857143 2859.428571 3893.142857 3135.142857 2068.142857 2469.142857 2697.000000 0.075234 1344.943970 0.002206 0.246078 0.485063 -0.506670 2.491711
0.000000 963.500000 1292.000000 1621.500000 2732.500000 4054.750000 3192.250000 1966.250000 2363.250000 2575.000000 0.040071 714.707764 0.001270 0.255929 0.542625 -0.516743 8.849343
1.000000 787.818182 1009.727273 1276.909091 2194.363636 3558.272727 3050.909091 1534.818182 1846.000000 2038.636364 0.066711 1010.251404 0.003040 0.266559 0.476943 -0.559517 5.964767
1.000000 1300.000000 1653.500000 2039.500000 3011.000000 4071.250000 3429.000000 2331.750000 2658.500000 2858.500000 0.074962 1348.449829 0.001478 0.192463 0.449377 -0.422202 1.654564
0.000000 584.000000 823.750000 1083.750000 2136.750000 3056.000000 2125.500000 1425.000000 1839.000000 2046.750000 0.100228 1230.986694 0.004803 0.327884 0.550194 -0.575904 2.808465
0.000000 497.000000 691.250000 808.750000 2296.250000 2555.500000 1624.500000 1223.750000 1925.000000 2197.000000 0.067258 777.518677 0.002075 0.478655 0.884004 -0.574120 3.342087
1.000000 1072.500000 1517.000000 2085.000000 2966.500000 3957.000000 3276.000000 2293.500000 2576.500000 2764.000000 0.093677 1683.848389 0.001340 0.174559 0.339449 -0.445791 1.317616
0.000000 338.250000 509.000000 503.250000 2158.250000 1841.000000 1068.750000 928.500000 1824.750000 2100.500000 0.054157 533.489136 0.002797 0.621696 1.065870 -0.566613 4.035970
1.000000 614.000000 828.000000 988.333333 2313.666667 3139.333333 2375.666667 1319.500000 1915.333333 2163.500000 0.069607 953.105957 0.006950 0.400755 0.761266 -0.582300 2.315302
0.000000 635.666667 885.333333 1102.250000 2512.333333 3430.416667 2426.083333 1512.833333 2085.833333 2364.750000 0.070017 1030.748047 0.001771 0.393521 0.772479 -0.591277 1.742418
1.000000 632.600000 826.400000 1019.600000 2138.800000 3261.800000 2679.200000 1279.600000 1782.000000 2018.200000 0.053087 759.743652 0.002511 0.353311 0.630956 -0.595746 1.560345
0.000000 666.333333 905.833333 1157.000000 2405.500000 3439.666667 2464.333333 1500.333333 1986.666667 2244.666667 0.064895 952.350830 0.002163 0.350472 0.668423 -0.583369 2.765745
0.000000 465.333333 729.000000 749.000000 2584.333333 2534.666667 1600.666667 1329.666667 2207.333333 2500.333333 0.062657 845.373840 0.004157 0.552629 1.105738 -0.554210 3.222701
1.000000 1030.500000 1412.000000 1883.500000 2917.000000 4315.500000 3492.000000 2251.500000 2581.500000 2787.000000 0.050028 1013.450928 0.001618 0.215447 0.449059 -0.507045 3.749928
1.000000 780.875000 1043.000000 1356.625000 2339.375000 3687.250000 2913.625000 1627.750000 1976.750000 2181.125000 0.068999 1196.267212 0.003473 0.266484 0.490230 -0.559118 4.189084
1.000000 582.750000 768.750000 893.000000 2226.000000 3080.000000 2379.250000 1210.250000 1832.750000 2082.500000 0.075380 1037.977173 0.008886 0.427242 0.794579 -0.600479 3.323434
0.000000 808.466667 1083.133333 1340.333333 2459.000000 4000.733333 2909.400000 1697.400000 2131.066667 2344.200000 0.044246 719.477844 0.003240 0.295065 0.582739 -0.574415 1.624446
0.000000 649.033333 916.183333 1175.516667 2603.233333 3429.733333 2412.433333 1615.833333 2210.633333 2480.383333 0.054209 799.690857 0.002255 0.384428 0.760149 -0.580845 1.729839
1.000000 732.333333 974.000000 1118.000000 2629.333333 3554.000000 2750.000000 1533.666667 2221.666667 2486.000000 0.067910 1084.332642 0.005855 0.403431 0.869313 -0.569820 2.413881
1.000000 795.750000 993.750000 1231.500000 2238.250000 3714.250000 3137.500000 1499.500000 1886.000000 2111.750000 0.058209 919.795410 0.004365 0.290033 0.548377 -0.577852 2.651650
0.000000 818.294872 1041.217949 1317.076923 2207.384615 3669.128205 2833.397436 1586.282051 1877.935897 2070.448718 0.038155 577.670593 0.001942 0.254048 0.458599 -0.557750 2.536947
0.000000 972.125000 1286.250000 1612.875000 2663.000000 4332.500000 3233.875000 1958.625000 2328.500000 2532.000000 0.044882 819.054077 0.002941 0.246351 0.514058 -0.542527 3.638229
0.000000 883.000000 1170.000000 1441.000000 2555.000000 4195.000000 3169.000000 1824.500000 2233.000000 2442.500000 0.036947 626.264282 0.001421 0.278791 0.573145 -0.563798 5.034603
1.000000 969.416667 1224.250000 1516.416667 2625.916667 3851.333333 3246.000000 1808.083333 2253.333333 2493.833333 0.068072 1124.852051 0.002208 0.269920 0.577892 -0.517924 2.669190
1.000000 699.263158 903.315789 1053.368421 2388.894737 3265.052632 2616.263158 1369.210526 1992.526316 2258.631579 0.064360 956.622314 0.004546 0.387694 0.779321 -0.566842 2.703734
1.000000 1105.500000 1521.833333 2042.333333 3026.833333 4132.166667 3582.833333 2357.833333 2691.666667 2906.333333 0.058617 1100.693604 0.001196 0.194612 0.406494 -0.461957 3.367492
1.000000 893.833333 1279.833333 1709.250000 2888.833333 3843.833333 3081.333333 2120.750000 2577.750000 2801.083333 0.061539 1065.113403 0.002759 0.257218 0.531692 -0.500821 1.724616
1.000000 630.181818 838.454545 1094.454545 1995.363636 3216.636364 2425.545455 1341.181818 1662.909091 1851.363636 0.072499 1003.759827 0.005886 0.293477 0.470616 -0.588805 1.292206
0.000000 983.800000 1404.600000 1910.400000 2908.400000 3869.800000 3294.000000 2278.000000 2632.800000 2831.600000 0.058544 1020.650757 0.001757 0.209066 0.415357 -0.468450 1.373773
1.000000 629.187500 844.250000 1026.312500 2148.000000 2868.125000 2205.625000 1333.812500 1801.812500 2011.250000 0.085804 1191.317627 0.013864 0.352344 0.629323 -0.545544 2.156740
1.000000 692.000000 929.857143 1164.928571 2289.571429 3357.928571 2517.785714 1479.785714 1930.214286 2150.642857 0.068156 997.424255 0.003023 0.327993 0.605429 -0.566383 2.651371
0.000000 670.941176 952.823529 1268.529412 2409.235294 3286.705882 2454.764706 1641.941176 2086.705882 2295.764706 0.070932 1081.637817 0.003577 0.312309 0.572307 -0.551301 2.039285
0.000000 1112.250000 1549.500000 2121.750000 2988.500000 3985.250000 3464.750000 2419.500000 2709.750000 2883.250000 0.043687 836.689880 0.000986 0.170611 0.334022 -0.440783 0.658808
0.000000 1203.111111 1591.888889 1985.000000 3218.444444 4326.222222 3658.000000 2397.444444 2851.222222 3085.222222 0.037820 738.495117 0.000473 0.238570 0.575927 -0.463310 7.461524
0.000000 575.322581 800.064516 1033.290323 2188.451613 3013.935484 2185.548387 1378.225806 1845.096774 2068.096774 0.067006 839.431335 0.003518 0.361634 0.627112 -0.581682 1.749934
0.000000 772.153846 1084.538462 1425.923077 2603.384615 3412.923077 2648.923077 1812.923077 2289.692308 2503.923077 0.063680 1056.982544 0.003949 0.294423 0.576944 -0.518650 1.914239
1.000000 636.900000 850.300000 971.700000 2429.600000 3196.000000 2557.900000 1329.600000 2017.100000 2286.500000 0.070969 1043.843994 0.006818 0.428544 0.860697 -0.579713 2.401474
1.000000 1221.250000 1601.750000 2066.750000 3057.750000 3939.000000 3407.750000 2282.000000 2618.750000 2830.000000 0.063748 1187.844482 0.001572 0.193473 0.432225 -0.421763 2.765131
0.000000 611.269231 859.423077 1122.269231 2238.769231 2955.269231 2158.615385 1464.076923 1911.076923 2125.692308 0.084023 1117.258667 0.005262 0.333857 0.584717 -0.550108 2.507862
0.000000 592.285714 819.285714 1057.571429 2083.571429 3060.428571 2211.571429 1380.857143 1780.857143 1981.714286 0.069518 891.906799 0.003808 0.328374 0.546393 -0.578371 2.204722
0.000000 703.272727 939.090909 1182.454545 2441.727273 3457.363636 2584.272727 1563.454545 2048.363636 2305.181818 0.062714 903.813721 0.001326 0.348000 0.680964 -0.573052 1.908391
1.000000 647.250000 889.000000 1166.750000 2206.750000 3204.000000 2403.000000 1479.000000 1889.000000 2103.000000 0.066642 835.790771 0.002591 0.309756 0.538345 -0.566356 1.546408
1.000000 1063.909091 1334.363636 1695.181818 2691.090909 4079.272727 3684.636364 1985.181818 2328.909091 2543.636364 0.071642 1313.072754 0.002575 0.227885 0.487602 -0.507286 2.659711
1.000000 568.333333 791.588235 1114.039216 1978.607843 2907.960784 2100.372549 1390.039216 1677.921569 1853.372549 0.088926 1159.678711 0.006656 0.280017 0.425443 -0.572241 2.398452
1.000000 615.600000 860.500000 1192.700000 2123.400000 3001.700000 2209.300000 1509.200000 1831.000000 2015.200000 0.084142 1095.458984 0.005371 0.280938 0.456078 -0.554696 1.421814
0.000000 612.700000 854.066667 1168.300000 2139.166667 2974.500000 2211.066667 1484.766667 1840.033333 2027.566667 0.090904 1122.481079 0.004902 0.295008 0.486057 -0.554760 1.807954
0.000000 599.190476 831.500000 1115.785714 2172.095238 3086.976190 2227.000000 1442.333333 1846.428571 2051.952381 0.078774 998.236023 0.003817 0.322952 0.548391 -0.575930 2.290004
1.000000 599.666667 816.166667 892.166667 2415.500000 2920.833333 2146.833333 1266.333333 2014.666667 2277.000000 0.069065 982.596619 0.007156 0.460439 0.920966 -0.563834 4.668355
1.000000 715.200000 954.000000 1129.600000 2600.200000 3530.200000 2798.000000 1554.600000 2202.600000 2481.200000 0.063997 972.885864 0.002513 0.397944 0.835298 -0.575755 2.564194
1.000000 1118.333333 1406.000000 1787.666667 2625.000000 3909.666667 3310.666667 2024.666667 2277.666667 2459.666667 0.060864 976.719910 0.000883 0.191733 0.389016 -0.472548 3.163225
1.000000 524.750000 743.500000 895.541667 2141.541667 2885.583333 1992.083333 1245.375000 1760.833333 1993.500000 0.088444 1166.358032 0.008739 0.409222 0.710826 -0.590319 3.028950
0.000000 699.800000 971.600000 1278.000000 2417.200000 3265.400000 2367.800000 1614.400000 2055.600000 2282.000000 0.076462 1032.982300 0.001805 0.308421 0.576405 -0.541647 3.976104
0.000000 755.500000 1030.500000 1375.000000 2347.500000 3590.500000 2692.000000 1713.500000 2045.500000 2239.000000 0.068986 964.933167 0.001399 0.260611 0.470740 -0.554104 1.473139
0.000000 452.555556 643.444444 732.000000 2372.444444 2329.777778 1453.444444 1180.666667 1976.111111 2269.111111 0.061386 708.386414 0.002402 0.528359 0.992700 -0.566279 1.741685
0.000000 658.285714 940.285714 1225.142857 2384.000000 3227.571429 2402.571429 1615.857143 2089.142857 2288.714286 0.070396 1064.888550 0.005444 0.321842 0.590734 -0.549108 1.393703
1.000000 679.000000 965.250000 1293.250000 2404.250000 3266.750000 2460.250000 1679.750000 2100.500000 2302.500000 0.067677 963.949829 0.004032 0.301494 0.549601 -0.544261 3.240906
0.000000 643.000000 911.000000 1218.000000 2262.666667 3174.666667 2360.333333 1591.666667 1993.666667 2182.333333 0.073807 1073.374146 0.003897 0.300313 0.522667 -0.554226 3.328170
1.000000 695.000000 987.000000 1299.000000 2359.000000 3215.000000 2362.000000 1641.000000 2055.000000 2247.000000 0.070881 991.322021 0.003854 0.289776 0.523726 -0.530224 1.317616
1.000000 773.750000 1084.333333 1461.916667 2536.166667 3377.750000 2612.500000 1800.500000 2208.666667 2410.583333 0.091044 1255.484253 0.003743 0.269875 0.509557 -0.514563 2.445137
0.000000 681.322581 962.096774 1254.258065 2384.387097 3156.548387 2362.580645 1625.516129 2082.129032 2283.096774 0.079454 1064.222290 0.005171 0.312326 0.573921 -0.533511 2.754885
0.000000 561.000000 774.000000 989.571429 2120.428571 2890.428571 2108.428571 1318.285714 1792.428571 2010.571429 0.079744 994.382446 0.004145 0.366260 0.621699 -0.578560 4.143275
1.000000 498.000000 712.750000 681.750000 2378.750000 2486.500000 1902.750000 1086.500000 1949.250000 2206.000000 0.085896 1068.878296 0.012074 0.554611 1.087143 -0.554023 2.376769
1.000000 495.800000 655.800000 820.400000 1658.000000 2741.600000 1999.800000 1109.400000 1433.400000 1597.000000 0.094908 1101.180664 0.012295 0.338057 0.471057 -0.613915 4.687184
0.000000 388.351351 574.243243 635.621622 2477.864865 2134.864865 1282.918919 1068.108108 2027.594595 2345.810811 0.056923 639.255066 0.003256 0.592118 1.127822 -0.576132 2.346524
0.000000 509.055556 733.351852 884.092593 2389.500000 2609.203704 1801.925926 1293.388889 2028.444444 2285.240741 0.062046 770.450012 0.003420 0.461328 0.864560 -0.561875 2.265492
1.000000 831.333333 1220.266667 1705.200000 2660.866667 3749.600000 3110.066667 2057.600000 2387.466667 2575.800000 0.062922 991.269165 0.001610 0.220694 0.403004 -0.510003 5.315895
0.000000 663.714286 942.628571 1237.314286 2378.457143 3147.542857 2405.942857 1595.628571 2059.342857 2270.371429 0.066087 999.259583 0.004135 0.316878 0.578916 -0.539738 1.783342
1.000000 753.600000 1094.900000 1525.400000 2480.200000 3532.600000 2946.000000 1849.000000 2183.300000 2375.000000 0.057115 836.731079 0.001890 0.239279 0.422998 -0.527337 4.379261
0.000000 630.166667 833.666667 1148.666667 2060.166667 3596.833333 2376.666667 1417.500000 1719.333333 1914.500000 0.055121 769.892334 0.002516 0.283921 0.461272 -0.623674 7.351994
0.000000 443.250000 659.750000 729.375000 2201.375000 2554.375000 1589.875000 1162.000000 1839.000000 2088.125000 0.074623 865.432434 0.002245 0.503345 0.887902 -0.589428 1.548410
1.000000 922.833333 1276.666667 1733.000000 2616.166667 3835.166667 3104.000000 2015.333333 2294.666667 2488.166667 0.072701 1235.589966 0.001481 0.203414 0.378331 -0.500766 4.888550
1.000000 566.666667 757.333333 1017.333333 1896.333333 3231.666667 2167.666667 1254.666667 1561.666667 1752.000000 0.069119 788.029846 0.002528 0.302750 0.460961 -0.619227 2.825837
1.000000 616.166667 812.166667 984.250000 2087.583333 3058.000000 2486.583333 1300.000000 1752.583333 1961.750000 0.085133 1176.061890 0.007747 0.360741 0.628571 -0.579909 2.189835
0.000000 446.050000 614.500000 720.800000 2043.100000 2421.550000 1548.200000 1076.550000 1699.700000 1937.200000 0.075794 775.329773 0.004689 0.478329 0.800354 -0.595290 3.180620
1.000000 1015.737705 1388.377049 1812.180328 2972.983607 4233.983607 3345.983607 2202.393443 2594.852459 2806.885246 0.044565 833.289185 0.001485 0.243806 0.530011 -0.506730 1.984734
1.000000 950.142857 1279.523810 1659.952381 2773.904762 4149.357143 3161.047619 2015.404762 2414.095238 2623.619048 0.047376 863.853210 0.001701 0.252498 0.528762 -0.529198 1.821908
0.000000 838.000000 1073.098592 1400.084507 2307.422535 4373.746479 3261.774648 1662.140845 1922.760563 2119.394366 0.043349 714.460938 0.001648 0.244578 0.450463 -0.605909 2.522272
1.000000 1065.513514 1485.837838 1963.081081 2998.756757 3988.891892 3250.270270 2305.054054 2632.486486 2830.837838 0.074191 1383.015991 0.001820 0.209269 0.440297 -0.457814 2.132157
1.000000 1051.533333 1388.466667 1798.333333 2793.200000 3992.466667 3358.333333 2104.666667 2415.800000 2614.933333 0.069869 1160.279907 0.001800 0.217685 0.455670 -0.484656 1.896240
1.000000 877.500000 1075.500000 1322.000000 2194.750000 3932.375000 3565.250000 1558.625000 1819.625000 1997.250000 0.063729 1008.934509 0.001503 0.249081 0.464272 -0.571101 3.716954
1.000000 1192.000000 1605.500000 2118.500000 3038.000000 4302.500000 3788.000000 2401.000000 2654.500000 2839.500000 0.055921 1040.973145 0.000771 0.179149 0.377469 -0.457148 2.124591
0.000000 641.900000 851.066667 1066.766667 2090.133333 3520.866667 2451.666667 1383.000000 1739.266667 1928.800000 0.045617 602.940002 0.000806 0.325702 0.559196 -0.611502 3.375283
0.000000 782.173913 1082.478261 1282.434783 2654.826087 3599.217391 2710.913043 1751.565217 2260.086957 2481.913043 0.040185 616.122864 0.000790 0.351029 0.740885 -0.538384 1.601091
1.000000 929.000000 1259.000000 1695.000000 2725.333333 3796.000000 3015.000000 2031.333333 2345.666667 2543.000000 0.063912 1028.025513 0.001396 0.233129 0.467080 -0.501912 1.863390
1.000000 1220.416667 1656.833333 2209.000000 3210.333333 4581.500000 3979.416667 2522.666667 2799.250000 2996.333333 0.050467 1017.205627 0.001011 0.185510 0.405907 -0.469407 3.922090
0.000000 941.477273 1288.295455 1707.750000 2795.545455 3969.613636 3200.818182 2067.159091 2431.840909 2642.477273 0.046743 801.115784 0.000895 0.242762 0.498489 -0.510659 1.827790
1.000000 1111.909091 1437.181818 1870.000000 2906.818182 4037.636364 3488.363636 2130.727273 2463.909091 2697.363636 0.085397 1510.818481 0.001445 0.218339 0.476897 -0.475366 2.532329
0.000000 567.741935 776.935484 974.387097 2246.193548 3038.677419 2100.290323 1343.129032 1853.645161 2105.580645 0.085142 1088.819336 0.003252 0.397831 0.714540 -0.594495 2.307003
1.000000 1118.066667 1588.600000 2197.733333 3094.466667 4285.333333 3731.666667 2505.266667 2780.333333 2953.733333 0.053615 1038.098511 0.000880 0.169685 0.335526 -0.459169 2.582257
0.000000 689.761905 944.619048 1238.523810 2554.523810 3421.095238 2571.333333 1638.142857 2133.190476 2402.047619 0.077660 1103.449829 0.002437 0.353900 0.690358 -0.570875 2.710978
1.000000 772.944444 1068.000000 1414.333333 2325.055556 3484.777778 2713.555556 1705.722222 2021.666667 2206.666667 0.068393 973.844971 0.001677 0.248821 0.433935 -0.533988 1.460550
1.000000 1150.411765 1591.882353 2116.176471 2976.058824 4275.176471 3750.882353 2401.176471 2656.352941 2838.000000 0.055018 1044.167969 0.000820 0.168947 0.338187 -0.457352 1.486911
1.000000 1001.000000 1393.789474 1855.000000 2854.210526 4176.631579 3413.578947 2198.000000 2556.421053 2751.842105 0.046953 842.732727 0.001379 0.212882 0.431713 -0.499838 1.772072
1.000000 904.000000 1220.000000 1588.363636 2680.636364 3886.727273 2919.909091 1956.181818 2354.090909 2566.181818 0.072132 1237.221436 0.002794 0.256599 0.522850 -0.522424 2.550226
1.000000 876.538462 1166.153846 1536.538462 2526.076923 3980.076923 3079.538462 1868.384615 2211.538462 2403.307692 0.052744 843.706055 0.001576 0.243908 0.472327 -0.546878 1.879536
1.000000 634.833333 867.166667 1067.833333 2315.000000 3197.333333 2416.500000 1398.000000 1913.166667 2147.833333 0.075787 1138.109619 0.010759 0.367835 0.690180 -0.573190 5.036766
1.000000 758.714286 976.285714 1206.857143 2373.285714 3557.142857 2951.285714 1506.857143 1984.000000 2225.714286 0.059484 900.514526 0.002543 0.326001 0.639404 -0.569488 1.694746
0.000000 720.470588 955.941176 1225.941176 2602.764706 3670.823529 2639.294118 1612.058824 2140.176471 2425.176471 0.061743 961.444580 0.001527 0.360519 0.738149 -0.587234 2.722402
0.000000 790.250000 1024.500000 1327.000000 2312.125000 3708.625000 2813.750000 1646.250000 1999.000000 2201.375000 0.060327 845.095947 0.001358 0.273274 0.504133 -0.568223 1.680315
0.000000 612.695652 816.521739 1029.217391 2431.782609 3374.565217 2297.130435 1410.695652 1974.260870 2259.043478 0.072707 1015.106323 0.001577 0.406705 0.788336 -0.610898 2.099501
1.000000 994.857143 1343.428571 1842.714286 2676.428571 3971.714286 3417.857143 2138.285714 2393.142857 2567.000000 0.066586 1114.186157 0.000986 0.185194 0.345994 -0.495057 1.833116
0.000000 747.000000 1006.125000 1325.500000 2391.250000 3681.875000 2826.000000 1684.375000 2072.875000 2280.875000 0.059142 884.707947 0.002211 0.289052 0.537717 -0.571708 1.408983
0.000000 876.777778 1184.555556 1618.888889 2576.666667 3930.000000 3181.888889 1970.111111 2301.555556 2485.888889 0.049439 843.501221 0.001345 0.229414 0.434059 -0.537307 1.318154
0.000000 837.800000 1112.200000 1478.600000 2572.400000 3926.400000 3041.200000 1833.600000 2224.200000 2443.200000 0.052376 832.120483 0.001253 0.271090 0.535324 -0.559194 2.104533
1.000000 894.363636 1236.000000 1644.000000 2654.727273 3550.181818 2710.363636 1941.272727 2264.181818 2460.727273 0.077854 1238.789185 0.002679 0.237213 0.460862 -0.485151 1.890324
1.000000 648.000000 899.833333 1092.666667 2428.166667 3136.666667 2339.500000 1455.666667 2014.666667 2258.166667 0.079910 1132.302368 0.010174 0.379870 0.737808 -0.554679 2.145328
0.000000 554.714286 765.904762 944.095238 2446.857143 2988.761905 2047.047619 1333.000000 1976.428571 2271.428571 0.077492 1043.314697 0.002572 0.446949 0.858280 -0.593932 1.619185
1.000000 902.285714 1259.857143 1647.000000 2707.571429 3519.571429 2735.142857 1990.857143 2365.000000 2563.428571 0.081455 1251.349976 0.002487 0.246947 0.489958 -0.475550 1.495789
1.000000 877.750000 1153.500000 1452.666667 2709.416667 3693.166667 2992.250000 1780.416667 2282.083333 2530.750000 0.076911 1330.831909 0.004792 0.303190 0.648512 -0.524295 1.390765
1.000000 820.454545 1086.818182 1359.727273 2599.727273 3587.636364 2905.818182 1713.727273 2204.090909 2447.363636 0.066958 1147.609497 0.005396 0.314889 0.651323 -0.535516 1.141513
0.000000 762.689655 1012.827586 1310.448276 2637.448276 3644.034483 2752.068966 1690.448276 2221.551724 2481.655172 0.058874 920.037964 0.001519 0.339469 0.697000 -0.566271 2.385295
1.000000 821.733333 1188.133333 1632.533333 2654.266667 3493.000000 2792.400000 1947.866667 2345.333333 2538.266667 0.055835 877.199890 0.002750 0.239031 0.449951 -0.492754 2.041553
0.000000 656.272727 913.272727 1170.454545 2297.909091 3128.545455 2328.090909 1529.454545 1985.000000 2194.545455 0.070943 935.360962 0.004261 0.329063 0.592781 -0.549645 2.276000
0.000000 612.555556 851.177778 1062.555556 2386.977778 3210.866667 2250.800000 1446.711111 1999.955556 2251.866667 0.063309 862.547546 0.001550 0.386924 0.730689 -0.582232 1.973263
0.000000 773.125000 1054.343750 1400.593750 2511.687500 3630.718750 2832.812500 1736.812500 2147.656250 2374.625000 0.052255 809.936279 0.000910 0.286716 0.549770 -0.551015 1.217597
1.000000 769.363636 1054.181818 1393.454545 2520.454545 3610.090909 2702.181818 1719.000000 2149.909091 2376.363636 0.052900 833.961975 0.001897 0.288441 0.556786 -0.548138 1.876938
0.000000 584.512821 809.666667 990.166667 2393.551282 3144.320513 2162.307692 1378.102564 1974.166667 2245.128205 0.061403 858.063782 0.001333 0.418002 0.794581 -0.591788 2.045221
1.000000 774.125000 1117.187500 1534.687500 2386.187500 3223.750000 2588.500000 1766.062500 2107.812500 2278.562500 0.048858 690.969177 0.001121 0.218631 0.370823 -0.486129 1.589611
0.000000 769.923077 1037.769231 1352.923077 2285.153846 3643.076923 2659.846154 1630.461538 1954.461538 2148.769231 0.068518 1039.524902 0.006959 0.256373 0.458282 -0.556747 3.677897
1.000000 587.500000 782.500000 937.000000 2184.000000 3052.000000 2277.000000 1274.000000 1834.500000 2071.000000 0.076295 1102.770508 0.008583 0.399962 0.723779 -0.592117 5.034603
0.000000 657.538462 885.615385 1177.000000 2294.923077 3325.461538 2423.384615 1507.923077 1952.000000 2177.769231 0.060070 826.293945 0.002367 0.324192 0.584201 -0.580418 3.209133
1.000000 601.111111 860.333333 1105.777778 2284.888889 2897.666667 2040.777778 1454.888889 1946.666667 2164.111111 0.103254 1417.024536 0.006916 0.348154 0.622533 -0.542187 3.592103
1.000000 643.875000 855.500000 1136.000000 2064.250000 3243.625000 2315.875000 1417.250000 1747.375000 1936.375000 0.078815 964.080078 0.002328 0.290203 0.479484 -0.582807 1.867142
1.000000 786.900000 1106.700000 1531.200000 2467.700000 3149.500000 2638.800000 1836.900000 2195.500000 2374.600000 0.076196 1122.101807 0.003410 0.235383 0.420487 -0.480890 2.570888
1.000000 599.400000 843.600000 1097.800000 2169.800000 2775.600000 2046.600000 1429.000000 1884.000000 2079.600000 0.093558 1191.548706 0.009089 0.328499 0.562303 -0.534077 1.527046
0.000000 632.666667 889.625000 1215.291667 2222.708333 2928.125000 2263.541667 1557.333333 1938.708333 2124.541667 0.074215 1008.035828 0.005033 0.293502 0.499205 -0.534229 2.068949
0.000000 749.894737 1056.000000 1277.578947 2689.105263 3394.210526 2490.000000 1752.473684 2341.578947 2588.736842 0.048360 758.672180 0.001244 0.360472 0.752897 -0.527382 2.172974
0.000000 989.461538 1368.175824 1835.813187 2722.626374 3678.175824 3023.978022 2160.274725 2471.912088 2648.725275 0.075540 1232.032959 0.002514 0.198993 0.378366 -0.460396 2.728705
0.000000 601.345455 818.109091 1035.254545 2109.400000 2882.109091 2087.218182 1356.854545 1788.745455 1997.454545 0.073144 879.482239 0.004191 0.342226 0.585017 -0.558518 3.001563
0.000000 660.166667 932.333333 1239.833333 2406.166667 3115.333333 2026.833333 1567.000000 2000.500000 2240.166667 0.083972 1103.267456 0.004923 0.320418 0.590450 -0.539688 4.390188
0.000000 730.400000 999.600000 1287.000000 2406.200000 3561.200000 2469.000000 1613.800000 2027.200000 2254.400000 0.067576 1009.094360 0.003560 0.303618 0.572771 -0.562632 4.109659
0.000000 644.537037 882.925926 1188.462963 2473.259259 3763.685185 2467.703704 1549.203704 2018.481481 2280.370370 0.078115 1136.177124 0.003482 0.351437 0.668654 -0.620008 3.545243
1.000000 653.250000 918.000000 1132.250000 2382.250000 2971.500000 2040.500000 1497.000000 2013.250000 2247.000000 0.074725 1091.968872 0.007790 0.356938 0.674576 -0.528509 3.431695
0.000000 658.604651 855.534884 1122.767442 1973.813953 3683.441860 2710.930233 1378.116279 1668.000000 1845.604651 0.050721 656.135559 0.001708 0.278687 0.441748 -0.625076 3.117105
0.000000 631.481481 898.574074 1186.129630 2315.833333 3239.907407 2401.092593 1522.129630 1989.851852 2200.796296 0.075407 1036.535278 0.003456 0.326897 0.581917 -0.567847 2.437349
0.000000 793.200000 1142.088889 1549.177778 2569.755556 3658.733333 2885.733333 1883.488889 2264.422222 2456.844444 0.077395 1158.232788 0.002646 0.248384 0.462469 -0.524543 1.837356
1.000000 870.794118 1241.000000 1734.058824 2690.970588 3930.823529 3262.294118 2025.294118 2339.588235 2550.676471 0.081601 1381.859375 0.001975 0.216408 0.404641 -0.520142 3.461479
1.000000 620.428571 816.000000 979.428571 2155.285714 3197.714286 2473.285714 1275.000000 1788.428571 2016.571429 0.076007 1054.186768 0.008677 0.374538 0.677568 -0.593509 1.502450
1.000000 545.285714 712.714286 819.714286 1875.857143 2956.000000 2417.714286 1093.571429 1573.714286 1763.714286 0.076392 981.200806 0.004174 0.391763 0.634645 -0.611131 2.836522
0.000000 913.675497 1237.927152 1552.145695 2738.205298 4088.152318 3177.642384 1930.880795 2377.251656 2602.417219 0.038711 665.849731 0.000906 0.280692 0.587981 -0.539161 5.047685
1.000000 762.625000 983.375000 1238.875000 2317.125000 3699.875000 3087.250000 1522.375000 1920.875000 2147.250000 0.056041 892.251892 0.002529 0.303352 0.577689 -0.579629 1.763265
1.000000 725.285714 939.142857 1102.857143 2425.428571 3255.000000 2639.000000 1425.000000 2017.571429 2264.142857 0.061207 897.457642 0.004201 0.382179 0.764411 -0.555319 3.620087
1.000000 605.040000 804.720000 983.980000 1906.180000 3096.540000 2239.220000 1258.960000 1627.260000 1805.940000 0.062178 794.300293 0.005065 0.318809 0.510145 -0.588449 2.999079
1.000000 707.944444 920.611111 1146.611111 2135.722222 3315.777778 2541.666667 1427.888889 1813.944444 2015.833333 0.066396 944.711914 0.002499 0.302473 0.535491 -0.566009 3.606654
0.000000 747.114754 999.573770 1219.688525 2381.442623 3695.688525 2661.606557 1566.475410 2020.557377 2238.049180 0.049828 762.652039 0.002980 0.331423 0.629976 -0.579351 4.090789
1.000000 515.476190 695.952381 814.095238 1926.476190 3086.285714 2402.714286 1122.238095 1597.714286 1804.095238 0.069215 934.512451 0.005795 0.405035 0.658387 -0.632001 3.961388
0.000000 686.526316 909.473684 1127.263158 2294.473684 4017.684211 2773.894737 1456.526316 1916.947368 2142.473684 0.050544 762.166931 0.004200 0.341620 0.640558 -0.631537 5.334876
0.000000 792.172414 1070.758621 1333.724138 2486.482759 4171.931034 2920.896552 1677.172414 2112.000000 2329.620690 0.050979 818.397156 0.004361 0.302236 0.598958 -0.591774 3.776364
1.000000 716.000000 889.375000 1062.000000 1994.583333 3491.750000 2922.625000 1302.583333 1672.208333 1861.958333 0.052964 721.735840 0.002263 0.307055 0.531341 -0.595020 4.362558
1.000000 967.000000 1387.625000 1903.250000 2773.000000 3670.750000 3150.750000 2142.500000 2435.000000 2616.875000 0.062296 1050.767090 0.001815 0.188031 0.348284 -0.452831 1.799592
1.000000 1013.428571 1434.714286 1922.714286 2887.857143 3770.142857 3054.142857 2205.000000 2552.857143 2741.857143 0.072013 1233.927734 0.002235 0.203315 0.403667 -0.450358 3.173128
0.000000 599.500000 834.500000 1122.400000 2142.700000 3000.400000 2097.800000 1454.300000 1832.600000 2036.900000 0.094220 1156.358643 0.004748 0.313219 0.523799 -0.565312 2.256805
0.000000 706.000000 991.666667 1152.166667 2497.833333 3501.666667 2567.500000 1592.000000 2134.833333 2352.666667 0.039774 589.547302 0.000859 0.368904 0.744406 -0.558726 4.253907
0.000000 490.600000 705.000000 814.200000 2498.600000 2591.200000 1617.800000 1278.000000 2085.200000 2388.600000 0.058773 748.493958 0.002990 0.507741 0.993764 -0.571968 3.728220
0.000000 885.333333 1190.666667 1551.444444 2517.222222 4226.000000 3289.222222 1879.777778 2221.333333 2405.888889 0.036601 634.464294 0.001131 0.238398 0.458501 -0.560677 7.835852
1.000000 826.857143 1062.357143 1372.142857 2364.214286 4184.357143 3531.214286 1654.071429 1973.571429 2189.714286 0.055468 1007.593445 0.001934 0.265612 0.505246 -0.595094 4.380636
1.000000 799.652174 991.304348 1175.521739 2179.304348 3603.173913 3260.913043 1428.913043 1844.478261 2045.000000 0.062792 954.190247 0.003802 0.300743 0.568366 -0.568669 3.856187
0.000000 657.201987 900.523179 1173.576159 2081.456954 3673.301325 2870.198675 1457.493377 1796.476821 1971.152318 0.049399 670.146851 0.001906 0.282909 0.462750 -0.607635 3.496667
0.000000 749.265823 992.151899 1270.392405 2202.341772 3856.443038 3014.632911 1557.506329 1894.278481 2072.405063 0.043744 670.786621 0.001806 0.270649 0.476832 -0.591618 2.408336
1.000000 660.555556 860.222222 1046.666667 2113.333333 3262.166667 2706.111111 1335.500000 1768.222222 1974.666667 0.089388 1308.942017 0.010878 0.336817 0.600597 -0.582985 3.858731
0.000000 615.333333 886.444444 1216.888889 2283.222222 3116.444444 2328.666667 1561.222222 1983.777778 2177.777778 0.094967 1239.178345 0.006681 0.304842 0.526386 -0.557200 1.677938
0.000000 540.000000 752.000000 983.333333 1911.000000 2846.333333 2031.000000 1284.666667 1646.000000 1822.333333 0.102981 1101.046509 0.006684 0.320661 0.491856 -0.582060 2.554698
1.000000 632.500000 783.000000 929.100000 1748.400000 3174.400000 2873.100000 1148.300000 1476.200000 1644.400000 0.060120 750.258606 0.003696 0.306092 0.470861 -0.604251 3.086794
1.000000 820.111111 1152.333333 1511.777778 2622.111111 3645.555556 2783.666667 1852.000000 2270.222222 2484.666667 0.081453 1375.407837 0.002669 0.270870 0.530534 -0.520637 1.492715
0.000000 653.916667 889.000000 1113.583333 2121.333333 3511.666667 2621.250000 1417.250000 1806.833333 1990.750000 0.047713 685.129089 0.002251 0.311339 0.537720 -0.596260 1.590062
0.000000 738.714286 1022.142857 1391.142857 2243.285714 4117.000000 3339.714286 1685.285714 1978.714286 2147.714286 0.036254 603.017456 0.001192 0.235159 0.394553 -0.602555 2.615889
1.000000 534.473684 712.368421 907.526316 1799.157895 2980.736842 2212.000000 1160.578947 1487.315789 1663.210526 0.086380 1125.078613 0.011382 0.329849 0.491285 -0.614321 2.652300
0.000000 701.000000 921.000000 1181.000000 2072.000000 3462.000000 2692.000000 1419.000000 1758.000000 1931.000000 0.049630 719.823425 0.002533 0.273901 0.461770 -0.579740 2.124591
1.000000 586.285714 741.000000 829.000000 1836.428571 2903.142857 2471.000000 1091.571429 1557.857143 1741.714286 0.086379 1103.576538 0.009059 0.377945 0.615965 -0.593372 3.280668
1.000000 880.571429 1080.285714 1333.000000 2236.428571 3746.714286 3356.857143 1583.285714 1906.857143 2103.142857 0.061644 903.940125 0.001769 0.252207 0.478589 -0.552916 4.145461
1.000000 586.333333 763.666667 868.333333 1978.666667 2798.666667 2173.333333 1148.666667 1665.666667 1870.666667 0.102066 1155.384888 0.013539 0.389967 0.667092 -0.571296 1.664085
0.000000 932.058824 1311.647059 1742.647059 2895.058824 3974.294118 3236.294118 2153.529412 2593.352941 2798.117647 0.049005 927.842407 0.002438 0.249187 0.519402 -0.503671 2.299855
0.000000 601.615385 837.000000 1117.615385 2146.615385 3241.076923 2408.076923 1431.307692 1823.076923 2020.923077 0.084828 1175.003296 0.007698 0.316094 0.530949 -0.590137 5.192088
0.000000 581.526316 873.736842 1220.578947 2338.631579 3194.894737 2458.631579 1582.368421 2049.263158 2243.052632 0.051269 728.152832 0.002799 0.321541 0.550113 -0.571901 2.078221
1.000000 647.000000 885.000000 1105.666667 2125.166667 3354.500000 2486.166667 1404.833333 1795.000000 1990.333333 0.060074 863.459412 0.004875 0.316607 0.545352 -0.582815 5.391445
1.000000 579.666667 819.666667 1026.666667 2175.000000 3129.333333 2171.333333 1353.000000 1808.000000 2022.333333 0.079803 999.189758 0.003409 0.358624 0.624752 -0.584662 1.176685
1.000000 508.307692 685.769231 839.230769 1837.923077 2873.769231 1960.615385 1125.076923 1528.230769 1712.615385 0.068019 862.951599 0.005288 0.373395 0.573737 -0.614685 5.404696
0.000000 543.261905 812.333333 1148.166667 2228.071429 3071.476190 2371.285714 1495.571429 1950.928571 2146.857143 0.045876 614.830200 0.001603 0.321467 0.533484 -0.581847 2.373686
1.000000 557.750000 741.750000 946.750000 1907.000000 3094.500000 2305.750000 1215.000000 1581.750000 1777.250000 0.074241 1044.010864 0.008348 0.336426 0.529906 -0.613285 3.618062
1.000000 652.400000 855.200000 1095.200000 2018.800000 3381.400000 2684.000000 1375.400000 1701.600000 1891.200000 0.069684 960.110657 0.002897 0.296047 0.491876 -0.596271 1.381374
0.000000 824.833333 1077.166667 1433.500000 2341.166667 4155.333333 3123.333333 1702.166667 1978.833333 2180.500000 0.045167 799.237610 0.002654 0.240549 0.438383 -0.588324 2.841131
0.000000 800.285714 1032.142857 1372.857143 2312.857143 4185.428571 3118.428571 1647.428571 1939.000000 2147.000000 0.051603 858.894226 0.002059 0.255325 0.466502 -0.604529 4.764482
1.000000 706.200000 920.200000 1174.800000 2261.800000 3529.200000 2919.600000 1437.000000 1857.400000 2087.000000 0.067022 1166.113037 0.005426 0.316777 0.583809 -0.586586 3.567822
0.000000 856.000000 1218.200000 1649.000000 2687.800000 4235.800000 3505.000000 2009.200000 2381.200000 2584.800000 0.037252 674.642639 0.001035 0.239836 0.463839 -0.553321 2.411088
0.000000 824.833333 1152.666667 1507.333333 2577.666667 3958.166667 3190.166667 1879.000000 2274.000000 2474.166667 0.046774 823.551270 0.002484 0.262445 0.509592 -0.549122 2.461581
1.000000 754.000000 997.000000 1247.666667 2499.333333 3382.666667 2506.333333 1553.000000 2071.666667 2320.333333 0.080696 1184.178223 0.005735 0.333871 0.671631 -0.544638 5.000000
1.000000 652.500000 840.500000 1036.000000 2010.000000 3192.500000 2427.500000 1301.000000 1681.500000 1880.000000 0.072096 983.917236 0.004283 0.319950 0.542940 -0.582969 7.095578
0.000000 731.666667 1015.000000 1275.000000 2594.333333 3745.666667 2559.666667 1708.000000 2209.666667 2454.666667 0.067156 1109.760254 0.005385 0.342757 0.691992 -0.574280 2.796228
1.000000 534.000000 751.000000 845.000000 2555.000000 2940.000000 2186.000000 1237.000000 2063.000000 2360.000000 0.070822 1015.074341 0.008746 0.502941 1.017606 -0.593064 2.357023
1.000000 558.000000 788.000000 931.750000 2300.500000 2904.750000 2113.750000 1298.500000 1928.250000 2175.250000 0.073193 999.121826 0.008135 0.423387 0.785048 -0.573144 2.993608
1.000000 524.000000 693.333333 867.333333 1815.333333 2899.333333 2178.333333 1129.333333 1527.333333 1717.000000 0.081360 1054.634155 0.006321 0.353088 0.536945 -0.614036 5.271801
1.000000 659.333333 900.500000 1215.333333 2177.833333 3354.000000 2493.666667 1511.666667 1864.166667 2064.833333 0.098180 1413.106567 0.005837 0.285441 0.481880 -0.577889 2.166026
0.000000 664.166667 874.833333 1116.000000 2323.833333 3424.833333 2471.500000 1450.666667 1914.333333 2163.666667 0.066397 901.816833 0.001571 0.351187 0.660554 -0.593102 2.630228
0.000000 426.363636 596.181818 678.909091 1794.363636 2250.727273 1504.818182 1018.363636 1515.909091 1712.727273 0.085489 883.627686 0.010722 0.450761 0.677710 -0.580972 5.676769
1.000000 620.000000 864.000000 1041.500000 2314.500000 2879.000000 2213.500000 1329.500000 1899.500000 2133.000000 0.066623 899.506958 0.003782 0.381790 0.711574 -0.539194 3.422330
0.000000 681.166667 883.166667 1181.000000 2063.916667 3702.833333 2621.500000 1437.500000 1715.416667 1912.000000 0.064404 862.640320 0.001436 0.272232 0.450819 -0.614543 1.638164
0.000000 546.882353 752.411765 949.058824 2049.705882 2953.529412 2137.588235 1286.941176 1716.529412 1931.529412 0.078916 1004.308472 0.005976 0.368490 0.612183 -0.594728 4.505127
1.000000 827.384615 1087.307692 1364.230769 2398.769231 3602.461538 2742.615385 1662.000000 2025.769231 2227.692308 0.058632 914.476562 0.003438 0.281809 0.534084 -0.541739 1.957986
0.000000 506.333333 676.500000 874.416667 1719.250000 2855.666667 2027.000000 1136.750000 1438.333333 1610.750000 0.090165 1120.497192 0.009613 0.325729 0.462120 -0.616885 2.209949
0.000000 559.222222 780.444444 1034.222222 2038.666667 2807.333333 2112.444444 1362.888889 1748.777778 1939.888889 0.084071 1103.863403 0.007281 0.328571 0.529445 -0.565756 2.695487
1.000000 538.250000 712.000000 870.000000 1963.000000 3219.500000 2352.000000 1178.250000 1613.000000 1827.500000 0.055164 733.392944 0.002558 0.384684 0.632798 -0.637519 2.530903
1.000000 780.250000 970.583333 1148.250000 2093.666667 3374.333333 2960.333333 1403.500000 1777.666667 1969.833333 0.069656 1046.433228 0.005095 0.305540 0.536904 -0.560267 1.805602
1.000000 719.882353 927.529412 1142.117647 2119.294118 3427.117647 2884.764706 1440.470588 1807.352941 2010.411765 0.089685 1313.039185 0.007298 0.302996 0.534179 -0.575790 3.584757
0.000000 855.000000 1207.235294 1541.470588 2817.470588 4028.705882 3130.823529 1961.882353 2467.647059 2701.941176 0.054451 1007.023560 0.002418 0.294895 0.621474 -0.539798 2.576312
1.000000 677.142857 890.714286 1094.571429 2190.071429 3296.285714 2692.357143 1401.928571 1837.000000 2052.357143 0.075310 1091.968262 0.008080 0.334591 0.606785 -0.575014 3.236834
1.000000 599.666667 799.333333 898.000000 2149.333333 3074.666667 2414.333333 1244.000000 1784.000000 1993.666667 0.060966 806.290588 0.002796 0.410510 0.749766 -0.587302 3.200745
0.000000 1028.090909 1462.363636 1931.909091 3061.818182 4351.272727 3604.636364 2328.727273 2733.272727 2941.727273 0.049574 988.757080 0.001238 0.226521 0.485509 -0.497091 2.166852
0.000000 993.000000 1395.600000 1815.400000 2990.400000 4088.800000 3363.000000 2230.800000 2677.400000 2889.600000 0.048783 940.935364 0.001479 0.244771 0.528856 -0.491273 3.442489
0.000000 749.473684 1030.842105 1300.421053 2585.315789 3671.894737 2670.684211 1696.789474 2189.736842 2440.684211 0.048610 764.816772 0.001270 0.333436 0.670823 -0.563161 4.825363
1.000000 1235.125000 1683.375000 2206.375000 3049.500000 4515.125000 3858.375000 2477.750000 2726.125000 2926.500000 0.048479 918.931519 0.000414 0.161284 0.330232 -0.457880 3.107414
1.000000 1555.650000 2051.550000 2642.850000 3596.400000 5174.800000 4433.400000 2983.150000 3236.350000 3437.750000 0.067967 1574.022095 0.000772 0.153105 0.367112 -0.432547 3.713046
0.000000 987.465116 1435.837209 2029.930233 3240.813953 4625.139535 3698.441860 2459.139535 2878.000000 3105.627907 0.048288 1033.706055 0.001685 0.232169 0.492897 -0.526986 4.481430
0.000000 1101.333333 1538.047619 2040.714286 3233.952381 4691.428571 3742.428571 2459.380952 2861.047619 3095.142857 0.048092 1048.233765 0.001597 0.227295 0.509345 -0.506981 3.803016
1.000000 1232.142857 1690.714286 2255.428571 3269.000000 4609.285714 3777.428571 2596.000000 2923.142857 3129.000000 0.059666 1255.280884 0.001328 0.184391 0.404815 -0.463978 1.991367
1.000000 1437.750000 1890.000000 2459.375000 3406.375000 4850.750000 4138.625000 2759.625000 3026.000000 3227.625000 0.058341 1249.563110 0.000918 0.162279 0.375505 -0.439988 3.166186
1.000000 1276.857143 1688.142857 2159.428571 3222.714286 4513.142857 3743.714286 2502.000000 2832.285714 3052.857143 0.091935 1875.676880 0.001243 0.201354 0.463567 -0.457926 1.373408
1.000000 1230.090909 1652.363636 2186.727273 3163.181818 4571.909091 3766.727273 2477.000000 2767.909091 2979.363636 0.056358 1129.968384 0.000854 0.183091 0.400447 -0.469297 2.858592
0.000000 608.366667 834.500000 1065.200000 2323.433333 3315.433333 2218.100000 1436.833333 1899.000000 2144.533333 0.068041 980.507385 0.003005 0.371508 0.686594 -0.597933 4.994263
1.000000 1213.600000 1632.000000 2147.800000 3099.200000 4278.000000 3438.600000 2398.000000 2680.400000 2873.200000 0.063439 1232.455811 0.001176 0.183416 0.393185 -0.449312 4.821393
1.000000 1186.875000 1596.500000 2072.250000 3121.875000 4515.125000 3773.875000 2383.125000 2724.375000 2941.000000 0.063843 1285.837524 0.001386 0.203620 0.453555 -0.478381 3.177273
0.000000 868.200000 1093.900000 1400.200000 2301.700000 4205.400000 3099.500000 1671.100000 1960.500000 2159.200000 0.047370 796.874817 0.001540 0.243142 0.455749 -0.587248 7.204389
1.000000 921.840000 1305.480000 1838.040000 2750.480000 4207.240000 3346.040000 2111.680000 2358.480000 2545.800000 0.067476 1123.634033 0.001245 0.200065 0.372303 -0.527181 2.439546
1.000000 1258.428571 1680.619048 2225.428571 3133.714286 4673.619048 4164.904762 2508.428571 2745.666667 2933.904762 0.055905 1126.835693 0.000777 0.170475 0.364646 -0.471733 3.309824
0.000000 751.285714 1042.000000 1421.714286 2427.285714 3839.285714 2930.714286 1744.857143 2064.857143 2263.142857 0.058796 890.637695 0.001614 0.262020 0.476058 -0.573352 3.549468
0.000000 521.038462 735.423077 973.807692 2207.423077 3038.384615 2018.000000 1336.346154 1782.500000 2020.384615 0.064636 819.304993 0.004002 0.395923 0.673801 -0.612841 5.338346
1.000000 626.217391 834.956522 991.608696 2041.869565 3086.043478 2488.347826 1289.956522 1715.391304 1912.130435 0.082217 1235.298950 0.007502 0.346360 0.595864 -0.574668 2.911617
1.000000 763.583333 984.583333 1231.083333 2193.500000 3693.666667 2849.416667 1500.666667 1840.750000 2031.250000 0.053054 816.065125 0.001667 0.282804 0.510456 -0.580521 4.318519
1.000000 586.115385 782.038462 979.576923 2014.538462 3349.576923 2306.769231 1276.500000 1674.461538 1875.538462 0.061188 785.985291 0.003443 0.343921 0.574886 -0.621339 3.008882
0.000000 803.680000 1093.280000 1349.280000 2537.680000 3877.640000 2749.280000 1715.720000 2168.520000 2389.920000 0.053072 881.359375 0.002108 0.306901 0.618068 -0.560992 3.883257
0.000000 763.941176 1016.823529 1278.000000 2382.529412 3843.000000 2802.352941 1617.235294 2029.529412 2240.176471 0.053296 860.806152 0.002147 0.302784 0.580272 -0.582160 4.684511
0.000000 702.423077 940.653846 1165.307692 2283.230769 3433.115385 2422.576923 1493.346154 1935.153846 2148.961538 0.064974 895.707336 0.002504 0.327871 0.604773 -0.571691 2.280877
1.000000 745.500000 982.125000 1268.312500 2337.437500 3545.187500 2768.000000 1571.250000 1953.937500 2178.375000 0.098079 1550.120117 0.011662 0.304050 0.557857 -0.570841 2.940438
1.000000 805.904762 1028.904762 1270.095238 2297.095238 3697.952381 3257.142857 1549.095238 1930.666667 2142.857143 0.065182 1113.158691 0.003556 0.289560 0.552339 -0.564743 1.814612
0.000000 656.928571 950.000000 1297.928571 2337.892857 3202.285714 2313.142857 1640.785714 2031.142857 2228.678571 0.097221 1198.147827 0.003027 0.286242 0.500975 -0.542594 2.954594
1.000000 999.378378 1509.324324 2115.513514 2905.594595 4044.324324 3537.486486 2383.108108 2617.162162 2794.891892 0.047579 871.233887 0.000634 0.158265 0.278107 -0.456940 3.125237
0.000000 581.833333 783.833333 989.000000 1903.166667 3244.333333 2354.166667 1292.333333 1648.666667 1824.666667 0.062960 866.123047 0.003999 0.315979 0.495446 -0.610977 2.601253
0.000000 785.916667 1085.083333 1402.666667 2537.166667 3774.833333 2948.916667 1757.416667 2202.833333 2417.166667 0.041395 646.380676 0.000600 0.287390 0.562816 -0.553755 3.010688
0.000000 630.272727 844.181818 1068.272727 1978.909091 3454.727273 2421.181818 1366.000000 1694.181818 1872.181818 0.042106 559.004028 0.001667 0.299483 0.485170 -0.607500 2.758768
1.000000 604.800000 799.100000 947.900000 2032.600000 3199.700000 2603.400000 1249.800000 1702.100000 1902.500000 0.060647 820.137329 0.002122 0.363758 0.625530 -0.600557 3.140711
1.000000 732.200000 949.600000 1171.100000 2292.800000 3436.200000 2899.800000 1479.200000 1924.200000 2146.600000 0.079212 1260.690186 0.007657 0.327012 0.616845 -0.568557 3.493094
1.000000 921.714286 1387.571429 1959.000000 3030.571429 4080.714286 3456.857143 2344.428571 2721.285714 2924.285714 0.071429 1309.995239 0.001617 0.215035 0.424753 -0.492559 1.982153
1.000000 1001.129032 1412.032258 1861.548387 2912.774194 4031.741935 3252.258065 2224.548387 2595.419355 2788.903226 0.064029 1104.259155 0.001533 0.220638 0.456273 -0.481455 2.058981
1.000000 927.333333 1366.666667 1890.666667 2906.333333 3763.333333 2989.666667 2117.333333 2511.000000 2725.666667 0.096671 1690.255005 0.002329 0.211824 0.413200 -0.467213 3.757645
0.000000 546.571429 771.095238 945.666667 2105.904762 2878.190476 2032.476190 1295.761905 1782.904762 1993.523810 0.090361 1112.162231 0.008769 0.381134 0.649689 -0.577760 1.611770
1.000000 773.750000 1073.000000 1416.000000 2497.000000 3611.875000 2698.750000 1778.250000 2178.250000 2388.500000 0.076274 1128.253906 0.003038 0.276818 0.525999 -0.542339 2.911040
1.000000 756.777778 1074.555556 1458.777778 2474.111111 3604.444444 2718.555556 1800.333333 2160.222222 2357.555556 0.059528 956.632812 0.002179 0.257810 0.472101 -0.540860 2.394874
1.000000 869.333333 1080.000000 1381.333333 2274.333333 4013.000000 3515.666667 1605.333333 1883.333333 2089.000000 0.063829 1071.264160 0.001265 0.244289 0.457113 -0.575842 3.353074
1.000000 586.666667 757.333333 897.333333 1967.222222 3021.333333 2548.555556 1186.555556 1664.888889 1889.333333 0.070473 930.980225 0.004689 0.374133 0.630549 -0.598703 1.317616
1.000000 938.600000 1161.800000 1435.200000 2450.400000 3920.400000 3369.600000 1686.800000 2047.400000 2265.400000 0.052059 870.939453 0.001539 0.261875 0.536790 -0.543216 4.498734
0.000000 847.440000 1205.520000 1590.480000 2884.760000 3892.560000 3129.080000 2006.360000 2509.920000 2755.040000 0.042013 731.998596 0.001048 0.296926 0.616140 -0.531413 6.843674
1.000000 673.200000 839.000000 1022.000000 2039.600000 3427.200000 2956.000000 1280.000000 1698.800000 1912.200000 0.079848 1046.888306 0.003979 0.332548 0.583872 -0.606463 3.382973
1.000000 563.250000 760.500000 831.416667 2181.583333 2884.083333 2199.333333 1175.916667 1834.500000 2079.666667 0.069772 942.527039 0.004482 0.447913 0.824995 -0.582577 3.279135
0.000000 717.153846 965.923077 1244.538462 2535.076923 3552.615385 2529.076923 1633.384615 2123.846154 2381.307692 0.064159 969.178772 0.001673 0.343386 0.681097 -0.573555 4.785781
1.000000 581.411765 770.705882 903.058824 1985.823529 2914.647059 2274.470588 1203.823529 1674.235294 1872.117647 0.061624 786.388489 0.004643 0.375918 0.633706 -0.582483 2.737120
0.000000 860.888889 1206.333333 1573.444444 2643.555556 3593.111111 2829.444444 1930.222222 2316.444444 2514.444444 0.083047 1301.121826 0.003117 0.254322 0.501737 -0.497603 2.497652
0.000000 718.200000 1009.400000 1339.000000 2408.200000 3246.600000 2448.400000 1692.600000 2081.600000 2286.800000 0.104707 1559.922852 0.005679 0.285443 0.524394 -0.525747 1.871550
0.000000 873.250000 1136.000000 1475.916667 2696.083333 3771.750000 2896.416667 1839.750000 2286.250000 2541.750000 0.063024 1017.439209 0.002409 0.292626 0.617632 -0.537204 3.292398
0.000000 726.777778 990.555556 1281.000000 2400.000000 3255.333333 2483.222222 1624.555556 2058.222222 2281.111111 0.098487 1338.020630 0.004977 0.304170 0.573631 -0.533528 4.285609
0.000000 447.090909 637.272727 688.636364 2864.454545 2364.363636 1461.090909 1202.454545 2323.909091 2721.727273 0.059384 770.634766 0.003992 0.614715 1.326952 -0.576404 4.059425
0.000000 654.466667 914.333333 1212.400000 2299.466667 3014.266667 2235.866667 1560.800000 1970.200000 2180.000000 0.104632 1451.122803 0.008341 0.309697 0.552437 -0.534691 3.444886
0.000000 813.800000 1070.400000 1345.400000 2401.400000 3710.200000 2761.800000 1657.400000 2067.000000 2277.800000 0.069607 1033.948975 0.002728 0.281993 0.546598 -0.552241 3.196116
0.000000 329.800000 522.600000 471.600000 2746.600000 1834.000000 1000.000000 994.200000 2217.600000 2607.200000 0.061201 685.507141 0.002637 0.705676 1.450454 -0.556623 2.050874
0.000000 966.285714 1255.142857 1548.428571 2730.285714 3956.714286 3100.000000 1909.857143 2343.000000 2577.142857 0.036895 618.314026 0.000475 0.277198 0.606133 -0.519057 8.250628
1.000000 629.285714 835.000000 913.571429 2290.714286 3156.285714 2603.857143 1266.857143 1922.714286 2180.285714 0.069118 968.612183 0.004875 0.430513 0.836488 -0.581435 4.598513
1.000000 783.777778 1012.777778 1209.888889 2447.000000 3603.222222 2963.555556 1537.444444 2045.777778 2295.888889 0.072293 1181.021729 0.007286 0.339271 0.692027 -0.561539 3.261700
0.000000 658.000000 929.166667 1162.500000 2526.333333 3550.166667 2631.000000 1592.166667 2164.000000 2413.666667 0.049937 729.290039 0.001431 0.380244 0.738196 -0.589516 4.138749
0.000000 814.833333 1169.000000 1502.333333 2765.583333 3912.083333 3035.583333 1889.333333 2384.750000 2627.000000 0.043721 748.683167 0.001208 0.297387 0.612784 -0.540476 3.454259
0.000000 700.666667 935.666667 1178.083333 2347.083333 3483.083333 2560.166667 1532.583333 2002.500000 2238.916667 0.058691 845.689026 0.001199 0.332213 0.629240 -0.576898 1.213601
1.000000 895.000000 1221.000000 1674.000000 2602.000000 4124.000000 3219.000000 1973.000000 2266.500000 2470.500000 0.049534 818.737671 0.000987 0.217116 0.408706 -0.543287 1.804037
0.000000 714.285714 956.857143 1214.428571 2296.857143 3431.642857 2562.000000 1533.928571 1967.214286 2183.428571 0.063524 909.169006 0.002942 0.314125 0.574654 -0.565542 3.028564
1.000000 974.600000 1340.600000 1801.000000 2749.400000 4058.600000 3250.200000 2036.000000 2361.200000 2575.800000 0.044179 739.662415 0.000619 0.209117 0.410823 -0.503658 4.251081
1.000000 753.300000 934.700000 1159.200000 2078.100000 3718.300000 3181.200000 1415.800000 1758.700000 1962.200000 0.058744 982.980347 0.004587 0.284230 0.502662 -0.598604 2.157465
0.000000 727.636364 947.363636 1186.545455 2184.636364 4122.545455 2952.272727 1488.181818 1856.727273 2059.636364 0.042798 673.592957 0.002218 0.296298 0.533929 -0.626478 5.394199
0.000000 569.250000 802.750000 931.125000 2654.500000 3067.375000 2020.250000 1439.625000 2208.250000 2525.125000 0.066340 960.312622 0.002058 0.481255 0.997872 -0.585672 2.659858
0.000000 1134.187500 1531.500000 1952.125000 3085.062500 4700.875000 3694.687500 2328.937500 2715.812500 2932.500000 0.043512 904.608032 0.001544 0.225480 0.512004 -0.508696 6.184588
1.000000 499.250000 718.000000 715.000000 2490.250000 2769.500000 1955.250000 1182.000000 2075.750000 2368.250000 0.072623 1003.553406 0.008569 0.552345 1.113431 -0.588015 4.639358
0.000000 706.916667 985.250000 1180.000000 2540.083333 3717.583333 2522.583333 1607.833333 2170.583333 2411.833333 0.059016 961.992371 0.004213 0.368035 0.741503 -0.582539 3.523437
0.000000 853.142857 1157.142857 1418.714286 2648.714286 3953.285714 2868.714286 1793.285714 2264.428571 2503.428571 0.055574 976.019531 0.002545 0.302482 0.635580 -0.547744 2.280402
0.000000 927.588235 1262.117647 1556.117647 2798.647059 4100.058824 3001.352941 1933.058824 2412.588235 2638.117647 0.053476 1000.255310 0.003177 0.287338 0.623243 -0.530549 5.918885
0.000000 963.428571 1239.714286 1569.714286 2624.428571 4396.285714 3346.714286 1888.000000 2247.714286 2463.285714 0.042495 769.527344 0.001427 0.251629 0.525461 -0.560220 6.229201
1.000000 719.800000 886.400000 1066.600000 2014.600000 3547.600000 3106.200000 1323.400000 1706.000000 1917.600000 0.082233 1283.930908 0.007299 0.307196 0.539879 -0.599959 5.295054
1.000000 710.666667 909.500000 1133.833333 2062.000000 3648.166667 3006.000000 1397.000000 1740.000000 1936.833333 0.053347 774.433777 0.003277 0.291056 0.502703 -0.600760 2.834489
1.000000 645.666667 859.000000 1046.000000 2114.666667 3110.333333 2292.333333 1337.000000 1788.333333 1995.666667 0.073876 944.202820 0.005094 0.338847 0.596195 -0.567170 1.603223
1.000000 665.400000 860.400000 1061.400000 2026.800000 3125.400000 2434.400000 1317.400000 1706.600000 1897.400000 0.092924 1203.578491 0.005908 0.313185 0.533473 -0.568451 1.261974
0.000000 507.857143 711.714286 846.285714 2274.000000 2935.285714 1908.000000 1250.428571 1859.857143 2124.714286 0.072240 941.581055 0.003035 0.457733 0.835614 -0.609668 0.510505
1.000000 652.800000 852.600000 996.800000 2379.800000 3292.000000 2641.400000 1313.800000 1956.200000 2210.400000 0.068118 983.962280 0.006710 0.409889 0.812214 -0.588023 5.627374
1.000000 472.500000 687.500000 762.000000 2009.000000 2473.500000 1606.000000 1121.000000 1667.000000 1877.000000 0.080231 1001.028198 0.011703 0.449852 0.747237 -0.565012 4.892667
0.000000 519.352941 751.176471 962.941176 2293.882353 2991.823529 2064.000000 1338.000000 1894.470588 2138.294118 0.069091 914.986328 0.004482 0.415027 0.735212 -0.600672 5.310322
0.000000 576.142857 791.000000 968.571429 2443.571429 3070.571429 2034.142857 1370.142857 1987.571429 2271.142857 0.076764 1071.326416 0.003267 0.432376 0.839443 -0.590385 1.709344
0.000000 549.000000 726.100000 922.300000 2061.500000 3021.100000 2016.600000 1239.800000 1675.700000 1904.300000 0.079563 1095.863647 0.006341 0.382647 0.646751 -0.613002 6.404307
1.000000 566.950000 784.350000 1016.450000 1977.900000 2833.900000 1966.950000 1303.350000 1677.100000 1866.600000 0.072547 910.766235 0.004821 0.323927 0.513688 -0.567381 3.125304
1.000000 701.250000 939.000000 1100.250000 2368.000000 3137.750000 2427.250000 1435.250000 2010.250000 2248.750000 0.071568 1032.607056 0.007279 0.365375 0.717870 -0.539402 4.497474
1.000000 614.000000 808.000000 867.000000 2319.000000 2915.000000 2476.000000 1199.000000 1986.000000 2253.000000 0.068791 960.068359 0.005715 0.455744 0.898827 -0.565941 4.602234
0.000000 655.466667 896.800000 1145.733333 2231.666667 3170.466667 2253.266667 1470.866667 1882.333333 2088.666667 0.061690 833.456909 0.003477 0.322015 0.574518 -0.559113 3.144471
1.000000 735.500000 975.750000 1172.250000 2529.750000 3189.250000 2511.000000 1488.500000 2115.750000 2374.500000 0.079551 1292.849365 0.008927 0.366643 0.756045 -0.531525 4.388741
0.000000 554.750000 756.125000 940.375000 1956.062500 2912.125000 2086.750000 1270.062500 1655.687500 1839.500000 0.058801 747.950684 0.004437 0.352366 0.566632 -0.587871 1.964583
1.000000 859.000000 1224.100000 1703.600000 2647.000000 3617.600000 3035.000000 2015.100000 2341.200000 2529.700000 0.060304 1014.580200 0.002146 0.219317 0.402842 -0.496427 2.563888
0.000000 757.000000 1092.100000 1465.800000 2620.000000 3461.500000 2718.100000 1859.200000 2311.700000 2522.900000 0.072481 1226.014893 0.004345 0.283098 0.545939 -0.520517 3.725665
0.000000 775.625000 1090.000000 1429.250000 2597.250000 3574.000000 2802.750000 1824.750000 2280.750000 2503.875000 0.077788 1204.559082 0.004736 0.290615 0.570333 -0.532884 1.841737
0.000000 767.888889 1082.777778 1420.666667 2613.000000 3553.555556 2752.000000 1810.666667 2273.222222 2494.777778 0.074651 1167.609131 0.004418 0.295661 0.583380 -0.532932 2.132501
1.000000 877.000000 1276.500000 1711.750000 3016.500000 3687.750000 3037.750000 2105.000000 2651.250000 2892.000000 0.048919 890.736328 0.003695 0.275867 0.588307 -0.485655 0.815724
1.000000 887.250000 1293.500000 1798.125000 2868.125000 3654.250000 3102.625000 2137.500000 2547.875000 2764.750000 0.051140 938.870605 0.001909 0.230535 0.452349 -0.477933 2.574760
0.000000 561.375000 807.375000 1036.875000 2247.500000 2863.375000 2042.875000 1390.250000 1903.625000 2130.000000 0.084534 1198.133911 0.007542 0.368660 0.650215 -0.560237 2.145870
1.000000 685.571429 970.571429 1327.000000 2349.142857 3257.571429 2447.857143 1661.571429 2043.571429 2239.142857 0.103960 1441.220459 0.005452 0.278198 0.491593 -0.540972 2.107147
1.000000 747.083333 1063.583333 1466.916667 2415.000000 3426.166667 2701.083333 1778.083333 2127.583333 2317.000000 0.079998 1231.099487 0.002744 0.244973 0.432068 -0.526458 1.286447
1.000000 631.166667 846.166667 1065.166667 2055.166667 3019.166667 2138.500000 1356.333333 1747.833333 1949.500000 0.083948 996.734192 0.004967 0.317674 0.535131 -0.562413 3.973112
0.000000 691.000000 924.750000 1221.500000 2168.250000 3817.250000 2681.250000 1519.750000 1829.500000 2030.500000 0.067875 937.083313 0.001996 0.279450 0.480123 -0.610245 1.802543
0.000000 793.894737 1045.842105 1316.368421 2339.947368 3927.736842 2877.052632 1633.421053 1999.631579 2202.789474 0.050876 839.122620 0.002565 0.279836 0.529894 -0.579512 2.825000
0.000000 568.250000 785.250000 1062.750000 1891.750000 3273.000000 2229.750000 1325.250000 1581.750000 1760.250000 0.070669 854.502502 0.002113 0.280495 0.416981 -0.613319 3.689281
0.000000 885.925926 1221.814815 1521.259259 2669.518519 3874.037037 2825.296296 1903.074074 2339.481481 2551.444444 0.052185 895.265869 0.003325 0.274059 0.567386 -0.520543 3.612520
0.000000 844.000000 1127.000000 1420.800000 2494.400000 3975.400000 2881.000000 1770.600000 2161.600000 2366.600000 0.050076 850.948059 0.002521 0.274365 0.542914 -0.558435 3.526798
0.000000 518.473684 719.842105 920.421053 1853.263158 2545.315789 1736.000000 1206.368421 1583.263158 1768.578947 0.071013 752.045715 0.004216 0.338672 0.508581 -0.558887 1.634815
1.000000 796.500000 1057.000000 1326.500000 2500.500000 3601.000000 2809.500000 1663.000000 2122.000000 2370.000000 0.073857 1224.237549 0.003753 0.308172 0.615501 -0.546922 2.680824
1.000000 849.000000 1186.400000 1638.400000 2663.400000 3746.400000 2931.400000 1986.200000 2348.600000 2552.200000 0.066484 1101.110718 0.001440 0.241087 0.460063 -0.520316 2.495027
1.000000 633.400000 842.800000 1081.200000 2064.200000 3195.600000 2404.600000 1346.600000 1714.400000 1917.800000 0.065791 939.501770 0.003425 0.313387 0.526922 -0.582758 4.440122
0.000000 501.166667 731.000000 829.166667 2445.166667 2772.500000 1796.000000 1270.166667 2028.500000 2320.000000 0.064907 876.012390 0.001729 0.494496 0.952607 -0.583040 2.663107
0.000000 801.222222 1055.166667 1344.333333 2205.055556 3066.611111 2326.666667 1605.055556 1915.944444 2088.555556 0.058470 767.247009 0.001709 0.242402 0.427697 -0.487832 3.204302
1.000000 522.857143 714.000000 898.000000 1875.571429 2761.714286 1965.000000 1188.571429 1576.857143 1761.000000 0.068905 838.162109 0.006705 0.352648 0.545071 -0.589146 2.345011
1.000000 842.000000 1181.000000 1502.000000 2602.000000 3300.000000 2677.000000 1846.000000 2318.000000 2528.000000 0.050688 858.967407 0.003357 0.268031 0.532337 -0.472886 4.602234
0.000000 785.500000 1084.000000 1384.666667 2259.333333 3112.000000 2433.666667 1667.416667 2003.333333 2169.916667 0.036952 526.857300 0.001764 0.240066 0.421084 -0.483442 5.073896
0.000000 714.500000 941.791667 1178.541667 2211.875000 3075.875000 2258.000000 1491.958333 1905.666667 2095.250000 0.059756 786.155212 0.001911 0.304838 0.553139 -0.531175 3.156546
0.000000 799.000000 1067.000000 1370.000000 2244.200000 3141.400000 2426.600000 1648.200000 1965.600000 2137.200000 0.056967 775.664490 0.002251 0.241775 0.428347 -0.492915 1.459606
0.000000 660.444444 869.111111 1164.944444 2096.388889 3837.611111 2718.888889 1414.611111 1715.555556 1920.333333 0.054746 792.014099 0.002012 0.285507 0.478061 -0.630638 4.946986
1.000000 598.857143 821.714286 1031.000000 2018.571429 2802.142857 1940.285714 1330.857143 1741.571429 1928.285714 0.095117 1065.414307 0.005349 0.324706 0.533915 -0.546152 1.885107
0.000000 800.888889 1071.166667 1377.222222 2438.611111 3768.722222 2967.888889 1703.722222 2086.222222 2295.055556 0.039638 622.703735 0.001050 0.279576 0.536455 -0.557469 3.974469
1.000000 821.272727 1132.090909 1486.272727 2538.727273 3697.727273 2837.000000 1828.454545 2221.181818 2419.636364 0.059458 930.222107 0.002801 0.262999 0.505031 -0.532033 3.492815
0.000000 646.000000 905.384615 1173.769231 2193.692308 3138.846154 2402.000000 1505.923077 1918.384615 2105.307692 0.083172 1126.196655 0.005395 0.304053 0.523517 -0.552558 3.113982
1.000000 737.000000 1049.000000 1489.666667 2473.500000 3393.666667 2709.666667 1828.000000 2186.666667 2369.166667 0.116867 1621.938110 0.003244 0.248354 0.442307 -0.527813 1.374930
1.000000 716.000000 1022.500000 1373.666667 2556.333333 3196.000000 2452.666667 1755.666667 2242.000000 2450.833333 0.118244 1765.235840 0.006855 0.301215 0.575499 -0.515317 3.968086
1.000000 1013.250000 1438.750000 1962.750000 2942.250000 3677.500000 2927.250000 2188.000000 2541.750000 2726.000000 0.080224 1430.775635 0.002844 0.199874 0.399727 -0.437633 1.275275
1.000000 612.200000 849.600000 1164.200000 2030.200000 2794.000000 2105.200000 1451.600000 1762.400000 1929.600000 0.100604 1173.048340 0.007718 0.271200 0.425020 -0.533767 2.999753
1.000000 728.000000 954.500000 1076.000000 2388.000000 3263.000000 2797.000000 1408.500000 1996.000000 2235.500000 0.087947 1353.766113 0.015266 0.378702 0.768427 -0.547357 2.925686
1.000000 624.333333 843.666667 1054.333333 1910.000000 2654.333333 2054.333333 1332.000000 1669.666667 1834.000000 0.123869 1602.168335 0.007594 0.288696 0.453060 -0.517636 3.394974
0.000000 635.500000 858.500000 1054.500000 2050.500000 2724.000000 2123.500000 1339.500000 1792.000000 1985.000000 0.116637 1510.362427 0.012469 0.320773 0.543930 -0.520646 2.124591
0.000000 780.795455 1132.318182 1555.340909 2656.272727 3642.181818 2891.681818 1940.318182 2349.909091 2557.136364 0.068467 1101.644287 0.003209 0.262510 0.500301 -0.526139 1.638886
0.000000 863.000000 1245.866667 1761.633333 2777.200000 3853.700000 3142.033333 2146.033333 2504.166667 2693.566667 0.062175 1016.537964 0.002114 0.224536 0.427163 -0.511731 1.216507
0.000000 835.653846 1201.153846 1691.192308 2751.923077 3786.423077 3049.307692 2081.384615 2466.653846 2661.923077 0.067703 1073.140503 0.002386 0.239348 0.459496 -0.518615 2.138241
0.000000 783.625000 1132.250000 1571.875000 2612.125000 3589.250000 2854.875000 1943.500000 2324.375000 2525.750000 0.068462 1030.489990 0.002652 0.249005 0.464575 -0.520478 1.716837
0.000000 862.809524 1261.904762 1773.190476 2774.476190 3813.047619 3139.380952 2164.380952 2523.047619 2707.380952 0.062070 1020.153748 0.001936 0.221314 0.417450 -0.503481 2.789438
0.000000 873.600000 1251.600000 1728.600000 2807.900000 3812.500000 3039.800000 2129.300000 2504.700000 2709.000000 0.062898 1115.039551 0.002333 0.238946 0.470172 -0.506193 1.245516
0.000000 865.571429 1214.142857 1638.142857 2759.000000 3852.000000 3117.142857 2015.857143 2431.000000 2653.428571 0.071581 1150.859985 0.002625 0.255453 0.512691 -0.520895 2.017175
1.000000 899.636364 1267.272727 1729.727273 2806.818182 3924.454545 3183.272727 2089.181818 2470.727273 2677.636364 0.073901 1196.894775 0.002512 0.237728 0.474997 -0.511968 3.398834
0.000000 881.916667 1218.750000 1574.750000 2787.250000 3937.333333 3181.333333 1975.750000 2444.666667 2678.250000 0.070086 1186.027466 0.003753 0.279334 0.585042 -0.528047 1.249431
0.000000 840.423077 1210.115385 1597.153846 2863.461538 3791.230769 2970.461538 2022.653846 2510.230769 2744.000000 0.077133 1275.519775 0.003002 0.284677 0.592181 -0.516477 2.711910
0.000000 651.820000 845.380000 1034.240000 2058.460000 3858.100000 2827.240000 1345.940000 1735.060000 1924.680000 0.041650 608.017883 0.001660 0.331937 0.574450 -0.641071 2.866732
0.000000 540.285714 720.714286 898.642857 2015.214286 3503.785714 2412.428571 1202.428571 1621.785714 1847.142857 0.080835 1108.473022 0.002460 0.382761 0.637069 -0.659086 3.702917
0.000000 536.900000 722.600000 912.050000 1856.450000 2820.900000 1996.500000 1201.300000 1563.350000 1747.200000 0.073921 962.073059 0.007887 0.342876 0.524461 -0.592833 6.277087
1.000000 630.857143 866.571429 1210.428571 2205.142857 3291.714286 2326.000000 1534.857143 1880.142857 2081.428571 0.098725 1199.676636 0.004560 0.291876 0.492857 -0.583494 2.484202
0.000000 549.583333 742.166667 909.666667 1922.333333 2757.750000 2004.250000 1199.166667 1599.666667 1792.750000 0.069907 914.854980 0.007313 0.358921 0.573394 -0.576458 7.102865
0.000000 884.454545 1221.727273 1537.454545 2750.181818 3790.363636 2993.727273 1926.454545 2395.909091 2632.454545 0.069887 1144.636230 0.002904 0.285882 0.599387 -0.514135 4.350285
0.000000 690.578947 946.236842 1116.552632 2337.473684 3414.842105 2457.447368 1483.473684 1991.289474 2208.184211 0.058747 866.568176 0.004359 0.359243 0.681893 -0.567145 3.038958
