# class blue green red nir swir_1 swir_2 red_edge_1 red_edge_2 red_edge_3 BCMAD EMAD SMAD NDVI LAI MNDWI slope elevation mrrtf mrvbf
1.000000 545.806452 752.709677 827.903226 2254.387097 2873.096774 2119.354839 1198.483871 1871.258065 2126.419355 0.067246 901.812744 0.004813 0.462430 0.864640 -0.584543 2.765852 1490.096774 0.258065 2.967742
1.000000 726.820000 969.946667 1293.653333 2494.960000 3701.586667 2679.860000 1646.293333 2049.313333 2295.133333 0.057663 911.449890 0.002111 0.318978 0.616347 -0.585987 4.584275 1413.300000 0.493333 2.380000
1.000000 701.972973 947.621622 1203.702703 2323.500000 3409.175676 2478.391892 1528.432432 1944.689189 2160.540541 0.080855 1113.702881 0.003880 0.321051 0.593208 -0.566632 3.535372 1409.527027 0.229730 3.864865
1.000000 618.000000 855.732394 1091.281690 2136.661972 3193.549296 2338.028169 1407.070423 1792.239437 1991.197183 0.071339 944.818359 0.005267 0.328121 0.555921 -0.579040 3.087353 1395.521127 0.338028 4.000000
0.000000 925.823529 1330.411765 1754.932773 2765.504202 3786.823529 3028.420168 2099.991597 2450.588235 2651.504202 0.092304 1477.150879 0.002489 0.227274 0.443680 -0.483026 2.100005 1492.075630 5.000000 1.655462
1.000000 663.129555 898.510121 1052.724696 2416.793522 3228.595142 2371.817814 1410.044534 2051.425101 2306.728745 0.069793 985.995728 0.007708 0.403406 0.790282 -0.566695 2.484943 1476.587045 0.068826 3.307692
0.000000 731.144444 1029.488889 1358.944444 2325.166667 3309.950000 2532.255556 1675.266667 2019.861111 2211.661111 0.083727 1126.496582 0.003595 0.266348 0.466304 -0.528631 2.260465 1494.855556 4.922222 1.916667
0.000000 785.238754 1090.660900 1470.577855 2526.775087 3545.252595 2840.024221 1803.235294 2193.757785 2408.709343 0.068003 1057.851807 0.001823 0.267909 0.503674 -0.531486 2.501176 1457.598616 3.955017 2.889273
0.000000 708.533181 1010.965675 1316.972540 2459.157895 3363.951945 2547.684211 1689.995423 2136.281465 2347.993135 0.071466 1028.432983 0.003570 0.305410 0.570070 -0.539244 2.991079 1481.441648 4.000000 1.734554
0.000000 1126.806723 1565.813445 2072.327731 3225.959664 4728.104202 3822.946218 2480.813445 2871.357983 3097.188235 0.045429 962.365112 0.001341 0.219195 0.489407 -0.503604 4.162855 1416.564706 0.924370 1.872269
0.000000 1330.540897 1530.000000 1815.828496 2365.941953 4050.786280 3970.364116 2003.118734 2119.532982 2255.000000 0.039485 693.057556 0.000953 0.136695 0.252225 -0.457122 0.142767 1483.026385 4.846966 4.000000
0.000000 643.141066 941.554859 1280.529781 2419.213166 3242.811912 2445.768025 1661.047022 2126.655172 2331.398119 0.067695 1034.705933 0.004514 0.310485 0.557973 -0.551203 2.034378 1491.702194 5.000000 1.529781
0.000000 810.744038 1203.449921 1624.478537 2808.362480 3666.222576 2934.569157 1998.503975 2466.341812 2687.564388 0.075734 1251.013672 0.002368 0.271364 0.537604 -0.507677 2.522076 1538.596184 4.211447 1.577107
0.000000 830.997805 1116.481888 1479.327113 2598.622393 3834.073546 2979.643249 1832.590560 2240.596048 2467.219539 0.057922 913.865112 0.001403 0.278800 0.550641 -0.551123 2.204081 1460.509330 3.993414 1.614709
0.000000 845.833698 1225.114880 1715.364333 2756.737418 3790.156455 3062.911379 2097.487965 2474.242888 2669.437637 0.063361 1041.072510 0.002289 0.234931 0.447705 -0.512588 2.193347 1475.500000 4.000000 1.805252
0.000000 1073.118644 1501.785311 1936.661017 3212.807910 4259.084746 3371.367232 2357.508475 2823.022599 3058.949153 0.058002 1136.295044 0.001909 0.250839 0.572107 -0.480766 2.435522 1401.960452 2.384181 4.129944
0.000000 995.441176 1400.928105 1910.709150 3050.431373 4091.581699 3309.199346 2311.751634 2709.526144 2912.078431 0.055028 1011.299194 0.001829 0.231982 0.488357 -0.491371 1.902714 1420.676471 4.000000 2.398693
0.000000 864.010504 1200.581933 1575.602941 2666.100840 3762.913866 2876.634454 1935.550420 2317.615546 2518.294118 0.066399 1048.378052 0.002182 0.259907 0.513878 -0.518512 2.180918 1418.163866 4.000000 1.825630
0.000000 837.081481 1075.718519 1389.607407 2288.474074 4307.807407 3203.496296 1655.814815 1922.807407 2112.718519 0.041110 676.513062 0.001767 0.244703 0.448313 -0.600548 2.765602 1418.266667 4.000000 3.000000
0.000000 708.428571 965.076190 1229.409524 2483.961905 3495.695238 2545.200000 1593.742857 2104.857143 2355.409524 0.056024 838.146484 0.001385 0.341156 0.665728 -0.568638 3.715819 1505.409524 3.942857 1.752381
0.000000 717.291262 996.893204 1271.980583 2593.417476 3547.174757 2604.310680 1671.582524 2212.058252 2467.456311 0.056883 864.561279 0.001554 0.346463 0.692259 -0.562860 2.955379 1498.932039 2.087379 1.388350
0.000000 811.076923 1117.153846 1496.615385 2712.500000 3723.000000 2873.961538 1845.923077 2320.961538 2570.692308 0.051434 810.720581 0.000783 0.293489 0.591421 -0.540485 0.797403 1514.076923 4.000000 1.653846
0.000000 577.661290 807.500000 973.032258 2361.725806 3057.290323 2065.806452 1381.500000 1982.677419 2236.612903 0.061512 822.824951 0.001538 0.422807 0.794059 -0.584278 2.324043 1510.919355 4.000000 1.774194
0.000000 754.453125 1012.640625 1304.500000 2520.921875 3620.968750 2707.312500 1665.484375 2144.593750 2391.531250 0.063049 944.597290 0.001420 0.319693 0.632692 -0.563792 3.844178 1510.984375 0.484375 2.671875
0.000000 493.500000 702.684211 785.473684 2371.526316 2744.263158 1748.815789 1217.342105 1935.736842 2225.052632 0.073048 918.237366 0.002077 0.505179 0.955863 -0.593370 3.045813 1514.815789 1.394737 3.000000
0.000000 1019.666667 1355.833333 1764.500000 2881.916667 4072.833333 3302.333333 2041.166667 2442.250000 2693.916667 0.047302 821.910217 0.001209 0.245096 0.525133 -0.502878 2.323177 1506.000000 0.000000 3.000000
0.000000 783.585938 1091.382812 1405.601562 2577.570312 3475.156250 2577.398438 1749.414062 2208.078125 2443.054688 0.073194 1106.865234 0.002617 0.302197 0.589486 -0.525964 3.235251 1504.117188 1.945312 1.460938
0.000000 583.754386 794.521930 1028.127193 2007.723684 3024.267544 2211.157895 1329.140351 1707.745614 1896.491228 0.081102 1050.825928 0.006039 0.323784 0.524038 -0.584723 2.605786 1512.245614 3.969298 2.039474
0.000000 657.879167 909.350000 1175.220833 2343.195833 3217.758333 2374.508333 1531.491667 2016.945833 2237.795833 0.055529 779.611267 0.002265 0.334767 0.615373 -0.560515 2.207872 1517.162500 4.637500 2.062500
0.000000 933.892523 1308.528037 1716.317757 2722.228972 3613.308411 2947.294393 2049.518692 2420.434579 2611.327103 0.058933 951.242249 0.001984 0.229761 0.451743 -0.471239 2.660470 1480.088785 5.000000 2.037383
0.000000 904.386076 1264.322785 1668.183544 2641.689873 3606.177215 3015.151899 1991.943038 2344.386076 2528.291139 0.073636 1153.114868 0.002814 0.228860 0.437433 -0.483771 2.608199 1477.379747 3.651899 1.284810
0.000000 975.715385 1375.023077 1805.761538 2853.315385 3681.284615 3193.476923 2135.915385 2538.415385 2744.030769 0.055291 948.956543 0.001783 0.227788 0.462386 -0.458154 2.267523 1478.361538 5.000000 2.661538
0.000000 735.700000 1078.072414 1504.334483 2469.203448 3270.196552 2642.137931 1850.448276 2190.903448 2371.734483 0.078688 1152.796997 0.003827 0.245424 0.430499 -0.505324 2.021082 1445.593103 4.000000 2.368966
0.000000 933.374161 1350.290268 1813.239933 2875.157718 3573.825503 3006.496644 2177.442953 2595.045302 2802.810403 0.059110 1025.768555 0.002388 0.229414 0.457712 -0.453968 2.430075 1447.327181 3.825503 1.912752
0.000000 958.971831 1325.619718 1726.197183 2740.422535 3625.436620 3060.985915 2058.943662 2428.563380 2630.563380 0.062046 1105.217041 0.003069 0.230133 0.459784 -0.467577 3.548550 1442.859155 2.338028 3.859155
0.000000 981.893082 1374.411950 1826.559748 2769.676101 3608.830189 3022.229560 2162.116352 2462.226415 2653.198113 0.074348 1195.481079 0.001937 0.208561 0.405145 -0.451818 2.093599 1429.644654 3.952830 1.710692
0.000000 938.148760 1303.471074 1769.727273 2742.049587 3930.413223 3213.008264 2112.884298 2419.413223 2602.826446 0.064410 1085.643433 0.001218 0.216066 0.420954 -0.502491 2.585966 1467.975207 3.446281 1.504132
0.000000 932.948187 1297.260794 1700.917098 2753.520725 3581.110535 2887.088946 2049.841969 2454.031088 2661.802245 0.066996 1071.970581 0.002469 0.240563 0.480700 -0.471777 2.563597 1509.854922 4.898100 1.739206
0.000000 894.704545 1257.659091 1678.909091 2781.545455 3893.250000 3075.454545 2042.590909 2431.522727 2648.454545 0.080170 1350.900024 0.001848 0.249757 0.501202 -0.513543 2.399431 1446.795455 2.250000 1.681818
0.000000 835.082090 1153.888060 1515.955224 2695.477612 3741.253731 2833.500000 1878.544776 2334.067164 2562.529851 0.073679 1171.683716 0.002297 0.285475 0.572195 -0.532092 3.204765 1451.679104 1.791045 1.537313
0.000000 805.060345 1186.064655 1625.564655 2670.133621 3563.732759 2856.323276 1971.185345 2367.297414 2569.543103 0.065564 1076.170654 0.002427 0.245908 0.461177 -0.502100 2.742496 1526.323276 2.806034 1.586207
0.000000 863.212625 1184.196013 1565.976744 2673.916944 3766.681063 2910.485050 1923.757475 2334.840532 2553.996678 0.065152 1068.606323 0.002376 0.264508 0.526129 -0.523942 3.163046 1520.880399 2.312292 1.581395
0.000000 800.384314 1133.929412 1494.662745 2568.596078 3619.815686 2819.345098 1840.388235 2255.450980 2461.203922 0.068470 1051.682861 0.002737 0.271441 0.511391 -0.527429 2.634247 1523.752941 2.552941 1.666667
0.000000 629.077586 900.752874 1175.928161 2347.692529 3210.068966 2369.709770 1529.540230 2026.275862 2243.402299 0.072409 1020.299377 0.005020 0.339549 0.609400 -0.564276 2.585619 1529.456897 4.353448 2.899425
0.000000 740.791489 1091.659574 1491.127660 2586.948936 3662.744681 2850.400000 1854.127660 2282.114894 2488.395745 0.069422 1073.325439 0.002938 0.271206 0.504038 -0.542035 2.489238 1529.625532 2.608511 3.148936
0.000000 559.360000 781.652308 996.855385 2117.676923 2926.941538 2029.809231 1329.301538 1800.018462 2011.246154 0.078554 985.099976 0.005120 0.361240 0.612183 -0.579465 2.414535 1528.603077 4.710769 1.990769
0.000000 801.885321 1156.449541 1604.128440 2609.334862 3651.463303 2778.715596 1949.316514 2298.183486 2494.321101 0.097759 1461.160278 0.002415 0.240548 0.443832 -0.520506 2.500319 1532.899083 3.444954 1.444954
0.000000 682.453947 990.826754 1359.535088 2423.322368 3391.302632 2524.986842 1704.787281 2111.482456 2312.666667 0.089657 1217.391602 0.002874 0.282803 0.504837 -0.549461 3.041441 1545.885965 3.995614 1.458333
0.000000 672.030928 991.876289 1316.536082 2521.247423 3391.412371 2547.422680 1675.618557 2169.525773 2397.742268 0.075597 1094.054199 0.002277 0.315946 0.593541 -0.548631 2.690454 1546.536082 4.835052 1.608247
0.000000 726.180556 1045.634259 1442.412037 2497.310185 3434.495370 2475.680556 1783.949074 2167.884259 2375.416667 0.097357 1373.881348 0.002418 0.270188 0.490563 -0.535025 2.429524 1540.212963 4.000000 1.518519
0.000000 760.489051 1117.058394 1503.970803 2632.408759 3500.109489 2600.445255 1890.072993 2324.277372 2531.364964 0.086671 1276.611206 0.003206 0.274368 0.523024 -0.517200 2.836941 1496.737226 4.000000 3.759124
0.000000 551.769231 798.038462 1038.038462 2181.038462 2907.615385 1931.807692 1384.846154 1853.807692 2064.807692 0.106089 1232.600952 0.006677 0.355789 0.607185 -0.569585 1.940308 1497.115385 4.000000 3.884615
0.000000 991.497872 1403.914894 1863.068085 3086.582979 4370.587234 3533.438298 2278.344681 2728.557447 2946.000000 0.053671 1037.678833 0.002336 0.248349 0.540837 -0.514317 2.294055 1434.425532 3.838298 1.574468
0.000000 846.095238 1196.219048 1693.942857 2762.961905 4453.195238 3658.885714 2067.061905 2453.919048 2655.176190 0.032094 579.407166 0.000648 0.242579 0.468625 -0.577422 2.145430 1432.185714 1.461905 3.985714
0.000000 724.517601 1026.125163 1377.058670 2432.256845 3329.319426 2547.036506 1734.784876 2141.112125 2333.791395 0.075030 1065.336426 0.003817 0.279569 0.508984 -0.530140 2.471762 1504.376793 4.427640 1.551499
0.000000 714.612628 1016.481229 1326.117747 2503.639932 3535.919795 2641.373720 1690.542662 2167.740614 2388.133106 0.058942 910.233765 0.003401 0.312042 0.590665 -0.555429 2.962337 1549.894198 2.104096 1.841297
0.000000 612.936675 909.282322 1243.366755 2542.601583 3480.744063 2554.419525 1665.345646 2208.179420 2437.092348 0.050371 763.516296 0.001332 0.347525 0.651238 -0.586467 2.247266 1526.158311 4.000000 3.021108
0.000000 743.035170 1114.624853 1597.196952 2614.874560 3591.936694 2790.866354 1952.335287 2340.366940 2523.284877 0.077514 1197.894897 0.002089 0.243241 0.437769 -0.527090 2.811110 1558.597890 4.819461 1.349355
0.000000 695.012695 982.753906 1358.746094 2317.005859 3175.379883 2449.029297 1681.870117 2020.985352 2205.290039 0.087505 1200.895264 0.004962 0.263726 0.452180 -0.528974 2.263659 1524.632812 4.397461 1.605469
0.000000 713.868852 1025.992974 1357.889930 2484.964871 3405.213115 2544.276347 1733.861827 2157.690867 2368.358314 0.083491 1165.872559 0.003446 0.295780 0.550619 -0.538258 2.288777 1485.440281 4.000000 4.131148
0.000000 920.526316 1302.273684 1751.246784 2896.784795 3897.369591 3140.394152 2143.378947 2572.656140 2785.419883 0.064732 1205.188599 0.002288 0.250678 0.513699 -0.500607 2.904010 1478.898246 3.783626 1.516959
0.000000 607.943182 842.529545 1123.861364 2125.339773 2889.177273 2134.262500 1443.096591 1824.518182 2015.067045 0.099769 1219.728516 0.006282 0.310247 0.515905 -0.549591 2.535882 1513.563636 4.342045 1.734091
0.000000 611.267477 871.778116 1208.145897 2209.455927 3071.846505 2237.334347 1542.712766 1911.651976 2100.127660 0.086054 1105.784790 0.004323 0.294083 0.491479 -0.558319 2.478972 1524.822188 4.992401 1.521277
0.000000 964.461538 1366.230769 1888.358974 2980.717949 4108.410256 3423.846154 2269.538462 2630.820513 2834.487179 0.070004 1301.413208 0.001601 0.226619 0.462422 -0.502484 2.461262 1439.000000 3.000000 1.384615
0.000000 1085.530612 1526.469388 2055.938776 3084.734694 4273.795918 3605.857143 2408.285714 2732.551020 2927.693878 0.074588 1439.042358 0.001534 0.202794 0.423218 -0.475423 1.918147 1438.122449 3.000000 1.530612
0.000000 837.052846 1189.577236 1621.447154 2721.113821 3772.821138 2975.434959 1994.833333 2399.516260 2600.556911 0.061506 1015.844299 0.002850 0.255582 0.498577 -0.522029 2.300889 1456.577236 4.890244 1.727642
0.000000 848.957983 1215.117647 1643.613445 2795.521008 3721.462185 2930.470588 2044.957983 2478.319328 2690.873950 0.069923 1138.585571 0.003541 0.260313 0.522268 -0.508141 1.796540 1474.924370 1.773109 2.142857
0.000000 798.140957 1139.553191 1540.268617 2635.598404 3568.013298 2803.659574 1913.135638 2328.114362 2538.175532 0.071080 1097.350586 0.003094 0.265155 0.507745 -0.517497 2.219193 1476.808511 3.906915 1.510638
0.000000 862.603093 1248.386598 1736.876289 2888.242268 3876.061856 3051.412371 2136.690722 2580.613402 2797.721649 0.067219 1163.586792 0.002735 0.251138 0.502813 -0.513907 2.570926 1487.757732 4.000000 4.154639
0.000000 660.898413 989.777778 1379.434921 2412.507937 3287.355556 2640.346032 1739.111111 2142.485714 2331.285714 0.061378 938.053284 0.003224 0.273853 0.476729 -0.537921 2.354593 1496.815873 5.000000 1.568254
0.000000 581.068841 795.112319 1016.043478 2140.989130 2962.898551 2167.420290 1337.887681 1813.442029 2033.521739 0.085873 1111.934937 0.006690 0.359272 0.616484 -0.578124 1.929989 1530.355072 5.000000 1.807971
0.000000 662.648148 922.050926 1207.606481 2296.740741 3161.574074 2377.032407 1538.662037 1971.907407 2185.731481 0.065561 863.063965 0.003705 0.321315 0.562583 -0.554104 2.166688 1530.379630 5.000000 2.189815
0.000000 870.449275 1247.376812 1657.457971 2823.081159 3733.852174 3042.234783 2062.026087 2508.573913 2719.562319 0.052873 937.824280 0.002656 0.263623 0.533734 -0.500962 2.586651 1512.605797 1.623188 2.191304
0.000000 853.184028 1215.579861 1601.649306 2745.208333 3534.381944 2763.642361 1966.045139 2414.659722 2636.385417 0.077143 1246.819214 0.002971 0.265770 0.531526 -0.490576 2.578683 1494.923611 2.767361 1.586806
0.000000 978.517021 1398.108511 1871.438298 2977.853191 4072.842553 3302.887234 2265.074468 2648.725532 2859.221277 0.053776 992.296570 0.002049 0.234773 0.480659 -0.492637 2.817600 1447.463830 3.457447 1.491489
0.000000 853.671533 1274.956204 1752.463504 2783.755474 3884.667883 3046.886861 2123.229927 2489.452555 2686.072993 0.062617 1041.440186 0.001369 0.228526 0.435312 -0.506505 1.951071 1477.945255 4.000000 1.883212
0.000000 592.580189 816.382075 1042.608491 2185.995283 3137.391509 2167.033019 1371.231132 1832.792453 2059.995283 0.079549 1032.188232 0.003395 0.357609 0.622817 -0.589461 2.020675 1483.127358 2.981132 3.250000
0.000000 842.628571 1140.457143 1491.028571 2676.971429 3762.428571 2896.028571 1837.914286 2304.542857 2542.828571 0.059244 935.909119 0.001361 0.288725 0.586083 -0.537927 3.768340 1487.971429 3.000000 4.000000
0.000000 1040.818182 1415.136364 1862.272727 2865.409091 4404.363636 3589.227273 2191.000000 2530.681818 2733.363636 0.041517 800.897705 0.000778 0.212369 0.441516 -0.513558 4.880032 1486.636364 1.409091 3.636364
0.000000 870.839056 1211.326180 1614.163090 2715.650215 3625.236052 2931.040773 1982.931330 2401.077253 2602.491416 0.059904 969.164185 0.002493 0.257132 0.511757 -0.500803 1.806440 1450.182403 4.000000 1.682403
0.000000 622.480122 864.131498 1165.333333 2117.330275 3191.113150 2308.385321 1468.073394 1819.773700 2001.541284 0.097937 1222.401489 0.005231 0.292061 0.479545 -0.574887 2.851804 1542.324159 4.000000 1.360856
0.000000 941.133333 1343.095556 1836.131111 2968.906667 3973.248889 3151.933333 2227.593333 2648.831111 2864.522222 0.056087 989.441223 0.001882 0.239186 0.490717 -0.496358 2.476675 1463.624444 4.213333 1.428889
0.000000 896.487535 1294.506925 1775.398892 2862.681440 3979.498615 3131.393352 2150.678670 2506.376731 2718.534626 0.054000 904.792786 0.001270 0.238906 0.471233 -0.512097 1.979990 1375.041551 4.249307 1.709141
0.000000 995.452703 1399.875000 1860.763514 3037.398649 4161.750000 3313.013514 2262.989865 2666.638514 2892.027027 0.052280 981.644104 0.001481 0.243451 0.520778 -0.498128 2.367714 1380.118243 3.908784 4.956081
0.000000 782.130824 1114.729391 1538.779570 2630.198925 3739.856631 2904.491039 1903.094982 2276.043011 2485.657706 0.058726 926.472351 0.001578 0.264966 0.501199 -0.542413 2.589856 1366.442652 4.781362 1.471326
0.000000 907.875630 1277.292437 1744.023529 2927.902521 4038.173109 3175.117647 2145.315966 2557.492437 2777.127731 0.050848 883.231934 0.001555 0.256321 0.529823 -0.521165 2.233454 1388.314286 4.991597 1.541176
0.000000 653.606557 920.038251 1196.986339 2466.879781 3366.224044 2424.464481 1580.163934 2100.065574 2346.595628 0.062359 885.506348 0.001637 0.353343 0.667147 -0.573519 2.267338 1477.956284 3.275956 1.781421
0.000000 834.677419 1179.924731 1559.182796 2806.741935 3756.537634 3034.956989 1980.000000 2448.645161 2660.129032 0.050991 878.496826 0.003022 0.287712 0.593099 -0.522903 2.240562 1448.946237 5.000000 1.903226
0.000000 612.920000 838.248000 1142.440000 2054.912000 3103.888000 2220.896000 1420.720000 1740.120000 1931.848000 0.091508 1171.233032 0.003302 0.291626 0.459865 -0.579791 1.600615 1480.264000 2.688000 4.608000
0.000000 532.596154 767.826923 940.307692 2281.403846 2878.807692 2017.615385 1344.384615 1921.923077 2161.615385 0.068578 851.077515 0.001659 0.419883 0.756417 -0.580652 1.996426 1483.961538 4.000000 4.000000
0.000000 475.881356 646.983051 795.118644 1880.305085 2644.610169 1837.000000 1112.830508 1549.762712 1760.135593 0.095217 1107.530029 0.010977 0.405798 0.630810 -0.607269 2.108645 1476.169492 1.254237 4.915254
0.000000 610.768293 855.146341 1036.853659 2477.621951 3166.256098 2233.756098 1455.402439 2075.353659 2345.792683 0.063038 871.582336 0.001161 0.415053 0.808729 -0.576683 2.216226 1483.512195 4.000000 1.865854
0.000000 528.705882 757.941176 908.004525 2379.493213 2962.438914 1908.719457 1358.542986 1966.298643 2227.990950 0.063115 830.539368 0.002896 0.450438 0.844109 -0.593758 2.875198 1488.366516 2.031674 4.895928
0.000000 556.903509 782.438596 983.986842 2256.728070 3087.973684 2125.951754 1357.144737 1872.846491 2113.495614 0.068278 866.245605 0.002136 0.397540 0.709147 -0.597404 2.728500 1501.267544 3.894737 2.328947
0.000000 776.226415 1133.792453 1599.905660 2588.792453 3542.056604 2736.216981 1940.594340 2275.113208 2471.198113 0.079581 1248.036255 0.002739 0.237466 0.430609 -0.515685 1.960702 1439.707547 1.603774 2.669811
0.000000 730.888889 1059.865079 1494.079365 2508.714286 3489.404762 2721.039683 1835.182540 2197.571429 2403.896825 0.067193 1033.032471 0.002331 0.257733 0.459032 -0.536578 2.505471 1477.761905 2.753968 1.769841
0.000000 746.555556 1057.523392 1416.526316 2545.836257 3519.853801 2755.324561 1773.631579 2198.728070 2417.321637 0.064081 957.676086 0.002446 0.288822 0.544861 -0.540585 2.190660 1453.520468 4.000000 1.467836
1.000000 767.223529 1033.905882 1369.223529 2385.282353 3676.552941 2700.423529 1686.211765 2046.105882 2250.082353 0.069131 1051.481934 0.002356 0.273061 0.501276 -0.563140 3.286791 1467.552941 0.611765 4.000000
1.000000 814.917647 1085.429412 1381.611765 2467.123529 4005.923529 3036.635294 1733.352941 2119.688235 2325.952941 0.041171 652.645142 0.001126 0.282717 0.552772 -0.573951 2.927709 1473.082353 0.511765 3.735294
1.000000 653.253731 837.089552 1041.820896 1958.328358 3395.552239 2749.014925 1301.567164 1639.477612 1828.641791 0.068496 1006.710815 0.004693 0.306494 0.504576 -0.604749 3.605918 1473.835821 0.731343 3.089552
1.000000 635.945455 824.963636 1007.309091 2024.854545 3400.727273 2553.309091 1289.327273 1696.127273 1893.454545 0.068689 924.851013 0.006046 0.339597 0.572627 -0.611007 2.747192 1469.272727 0.163636 3.854545
1.000000 591.819277 822.975904 983.626506 2160.566265 3102.228916 2208.939759 1324.036145 1820.409639 2033.361446 0.063922 865.962891 0.005278 0.378637 0.665930 -0.582607 4.233283 1474.939759 0.084337 3.096386
1.000000 497.113208 693.698113 838.490566 2213.320755 3204.981132 2081.622642 1204.566038 1798.641509 2049.188679 0.059262 776.374756 0.003011 0.451472 0.801998 -0.642997 4.581971 1473.150943 0.358491 3.830189
1.000000 664.843750 899.708333 1084.958333 2266.885417 3393.447917 2466.729167 1428.833333 1909.916667 2127.166667 0.057040 824.601807 0.003342 0.356711 0.658338 -0.583165 3.273474 1469.979167 0.437500 4.510417
1.000000 766.423729 1035.033898 1282.000000 2398.067797 3881.593220 2812.237288 1616.288136 2031.338983 2246.000000 0.052626 814.458618 0.002819 0.305055 0.585086 -0.580030 3.136591 1468.338983 0.000000 4.813559
1.000000 881.078947 1170.245614 1455.236842 2486.991228 4125.877193 3098.745614 1786.008772 2160.701754 2354.719298 0.040477 692.234253 0.001883 0.264542 0.522037 -0.559546 4.195970 1476.561404 0.377193 3.912281
1.000000 613.523810 824.492063 1044.420635 2031.325397 3468.841270 2437.388889 1340.269841 1717.373016 1907.333333 0.050164 676.948547 0.002474 0.321331 0.532845 -0.616770 2.786841 1497.730159 1.166667 4.436508
1.000000 574.578947 763.263158 877.017544 2076.192982 2893.982456 2175.421053 1192.684211 1739.035088 1956.754386 0.069402 861.437988 0.004388 0.405247 0.714741 -0.582209 3.372005 1484.052632 0.385965 2.385965
1.000000 752.090909 1001.056818 1210.681818 2480.056818 3742.352273 2752.863636 1565.295455 2088.193182 2328.397727 0.055746 875.318298 0.004279 0.347922 0.698898 -0.578323 4.071032 1432.818182 0.068182 1.818182
1.000000 864.520548 1197.602740 1557.205479 2645.698630 4059.684932 3290.410959 1936.082192 2323.972603 2529.369863 0.034356 581.974487 0.000658 0.260891 0.519371 -0.544846 4.008860 1426.547945 0.726027 3.753425
1.000000 617.423729 843.796610 1005.762712 2129.186441 2965.711864 2200.728814 1337.610169 1814.864407 2023.220339 0.065024 798.971313 0.003326 0.364018 0.634881 -0.558792 3.737481 1431.016949 0.203390 2.338983
1.000000 663.173913 861.043478 1040.202899 2147.318841 3213.144928 2638.971014 1329.318841 1792.159420 2017.391304 0.081969 1207.171143 0.008541 0.347893 0.630285 -0.577566 3.117230 1452.434783 0.391304 2.043478
1.000000 640.851064 844.723404 1027.106383 2133.872340 3435.680851 2541.914894 1337.829787 1791.914894 2009.744681 0.067873 951.303284 0.005742 0.352930 0.624990 -0.606538 3.308656 1451.765957 0.148936 3.319149
1.000000 697.576923 900.730769 1096.730769 2228.442308 3325.115385 2746.807692 1400.115385 1864.134615 2095.865385 0.063214 939.531250 0.003751 0.343150 0.637990 -0.574232 2.714687 1454.788462 1.269231 1.750000
1.000000 662.983871 890.903226 1038.387097 2476.806452 3217.274194 2478.822581 1394.838710 2075.451613 2354.274194 0.072897 1115.496094 0.007854 0.411381 0.833295 -0.566685 3.784618 1446.548387 0.000000 4.080645
1.000000 588.635593 814.610169 945.000000 2270.822034 3023.983051 2230.076271 1317.025424 1902.364407 2139.093220 0.074819 1038.531860 0.007237 0.414490 0.770769 -0.575065 2.299718 1493.813559 0.415254 2.940678
1.000000 603.270833 819.548611 1000.305556 2192.798611 3017.305556 2240.583333 1318.527778 1831.937500 2063.930556 0.071718 982.555969 0.005447 0.375285 0.673875 -0.574025 4.020558 1457.131944 0.319444 3.770833
1.000000 753.259740 1016.012987 1299.974026 2436.012987 3647.675325 2581.727273 1643.194805 2071.805195 2293.844156 0.064355 962.374573 0.003342 0.309762 0.588586 -0.566720 2.757405 1506.012987 0.116883 3.948052
1.000000 627.084337 855.819277 1096.096386 2140.759036 3351.192771 2369.951807 1390.626506 1789.602410 2002.590361 0.080140 1078.666260 0.010649 0.325588 0.558302 -0.593498 3.745413 1513.337349 0.915663 3.759036
1.000000 993.475000 1443.475000 1987.633333 3008.741667 4677.391667 3829.208333 2349.941667 2712.450000 2905.775000 0.038992 785.321716 0.001127 0.207185 0.413285 -0.529837 4.000761 1558.066667 0.600000 2.250000
1.000000 544.113208 745.320755 907.792453 2054.641509 2838.566038 2009.018868 1217.433962 1688.094340 1904.905660 0.087740 1150.333984 0.011232 0.389746 0.656117 -0.584662 3.491333 1552.169811 0.207547 3.830189
1.000000 654.969231 849.523077 1028.961538 2102.823077 3325.684615 2769.538462 1310.338462 1761.646154 1973.607692 0.068609 989.710083 0.004680 0.343183 0.608791 -0.593251 3.031602 1527.276923 0.246154 2.361538
1.000000 761.912114 1037.076010 1312.182898 2408.776722 3794.337292 2950.199525 1640.738717 2062.256532 2270.087886 0.055384 869.838806 0.004214 0.303524 0.567539 -0.573804 2.882641 1527.420428 0.199525 3.733967
1.000000 656.637306 863.041451 1085.217617 2052.637306 3407.943005 2600.207254 1362.316062 1731.238342 1924.098446 0.060167 845.225708 0.003868 0.308320 0.522887 -0.596369 2.942266 1526.725389 0.984456 3.150259
1.000000 530.000000 734.100000 873.000000 2031.900000 2719.000000 1937.100000 1184.500000 1689.200000 1900.900000 0.077544 929.846802 0.008209 0.399739 0.670050 -0.575474 1.741379 1435.900000 0.000000 4.800000
1.000000 634.021739 823.423913 1041.576087 2046.141304 3209.326087 2438.782609 1329.902174 1709.010870 1909.413043 0.063212 853.328308 0.006108 0.327228 0.553432 -0.592530 2.997742 1491.043478 0.423913 2.010870
1.000000 545.111111 740.555556 840.222222 2093.888889 2592.111111 1922.000000 1151.888889 1752.222222 1982.444444 0.080961 936.659302 0.008461 0.429428 0.751163 -0.556056 4.831272 1437.777778 0.000000 4.555556
1.000000 574.468354 755.734177 937.151899 1892.949367 3121.291139 2247.746835 1216.860759 1594.101266 1783.582278 0.066456 802.750366 0.002700 0.338481 0.536051 -0.610580 1.641614 1496.189873 0.417722 3.063291
1.000000 679.602041 912.204082 1204.642857 2070.785714 3301.000000 2478.204082 1465.877551 1744.326531 1917.020408 0.045394 602.357666 0.001519 0.265680 0.433816 -0.567948 2.901130 1443.397959 0.295918 2.887755
1.000000 631.753425 850.109589 1025.082192 2178.767123 3088.821918 2253.671233 1350.150685 1837.986301 2053.547945 0.074425 1016.730408 0.006616 0.360846 0.650212 -0.568328 3.449013 1447.465753 0.287671 2.821918
0.000000 530.897436 729.435897 894.256410 2207.205128 2894.333333 1939.666667 1267.666667 1808.435897 2059.820513 0.082558 1075.868042 0.006122 0.423989 0.755972 -0.597703 2.398075 1454.410256 0.923077 1.769231
0.000000 749.000000 1043.230769 1363.307692 2555.615385 3370.461538 2502.384615 1697.923077 2190.692308 2430.461538 0.057169 839.007202 0.001281 0.310223 0.601963 -0.529206 1.835338 1460.000000 3.000000 1.615385
1.000000 684.154762 935.845238 1160.000000 2285.071429 3049.892857 2452.833333 1481.250000 1951.511905 2173.380952 0.071142 999.462891 0.004339 0.333957 0.607714 -0.534016 3.244555 1456.892857 0.928571 3.845238
1.000000 612.027027 843.648649 1054.432432 2234.729730 3092.567568 2348.594595 1391.486486 1881.918919 2110.783784 0.065856 851.379456 0.002428 0.360913 0.644218 -0.573566 2.727110 1458.918919 0.135135 3.864865
1.000000 604.125000 813.062500 989.187500 2137.812500 3020.250000 2364.437500 1276.000000 1787.562500 2011.375000 0.079367 1072.225098 0.006376 0.366669 0.649460 -0.574679 3.331350 1447.250000 0.000000 5.000000
1.000000 706.866667 907.800000 1134.133333 2075.000000 3439.400000 2823.600000 1386.466667 1746.666667 1951.733333 0.058954 864.199341 0.003981 0.292798 0.507988 -0.582385 4.152164 1451.133333 0.933333 5.000000
1.000000 473.111111 637.777778 778.111111 1607.000000 2190.888889 1657.777778 1017.000000 1337.222222 1492.777778 0.133024 1367.300293 0.017503 0.346521 0.469921 -0.549195 3.831359 1453.666667 0.000000 4.000000
1.000000 651.058824 883.808824 1157.441176 2277.205882 3496.926471 2363.132353 1481.161765 1904.882353 2127.794118 0.069362 1000.918213 0.003806 0.327655 0.589451 -0.597168 2.135540 1480.220588 0.308824 4.000000
1.000000 610.714286 831.489796 1070.857143 2171.163265 3241.020408 2196.448980 1390.081633 1823.734694 2036.020408 0.069457 895.504150 0.003643 0.341452 0.593341 -0.592253 2.069579 1477.061224 0.612245 4.000000
1.000000 582.303030 792.242424 1071.757576 2040.666667 3207.737374 2200.434343 1359.636364 1694.494949 1895.020202 0.083948 1034.371704 0.005636 0.314722 0.503336 -0.604134 2.772899 1491.444444 0.444444 3.000000
1.000000 514.358209 728.761194 927.059701 2077.850746 2806.925373 1940.000000 1268.940299 1747.552239 1962.522388 0.088162 1097.093018 0.007092 0.384268 0.637803 -0.587664 3.683593 1491.507463 0.582090 2.313433
1.000000 626.361111 856.125000 1047.375000 2238.430556 2898.597222 2220.972222 1384.555556 1891.833333 2116.000000 0.077754 1070.515015 0.007803 0.363491 0.662622 -0.545070 3.092858 1498.972222 0.097222 3.000000
1.000000 745.733333 955.733333 1203.866667 2173.666667 3303.466667 2586.466667 1468.933333 1835.533333 2044.066667 0.076975 1077.188232 0.003705 0.287354 0.517128 -0.551543 4.390416 1478.533333 0.066667 2.133333
1.000000 531.008333 750.191667 839.358333 2285.716667 2636.616667 1896.416667 1228.208333 1924.516667 2174.325000 0.075379 973.488586 0.006432 0.466108 0.866834 -0.557177 1.968552 1482.983333 0.191667 3.000000
1.000000 621.661417 816.716535 1009.023622 2022.078740 3463.755906 2470.456693 1305.236220 1693.866142 1886.346457 0.056178 773.900146 0.003174 0.333938 0.564238 -0.617701 3.322592 1492.897638 0.244094 2.377953
1.000000 584.571429 793.452381 964.079365 2072.777778 3175.563492 2177.253968 1281.952381 1724.642857 1932.611111 0.057646 775.017883 0.004720 0.370477 0.628005 -0.600717 2.982402 1490.793651 0.206349 2.857143
1.000000 687.531250 921.937500 1174.906250 2175.218750 3236.218750 2434.218750 1468.781250 1843.093750 2045.031250 0.069024 938.327881 0.003062 0.299126 0.525143 -0.557142 3.117645 1461.156250 0.000000 3.062500
1.000000 596.969880 821.415663 996.445783 2216.433735 2986.391566 2099.222892 1333.650602 1852.662651 2087.801205 0.073740 982.270691 0.005836 0.388972 0.690126 -0.571696 5.187558 1454.265060 0.018072 3.325301
1.000000 594.084967 815.568627 1003.673203 2070.810458 2914.875817 2100.437908 1308.326797 1744.568627 1954.111111 0.076407 958.545044 0.005588 0.349081 0.587727 -0.563095 4.895954 1455.915033 0.045752 3.535948
1.000000 488.636364 675.636364 743.909091 2034.909091 2524.272727 1842.818182 1076.272727 1690.363636 1912.909091 0.086239 1069.100586 0.010139 0.464623 0.791935 -0.577844 2.711299 1475.636364 0.272727 2.909091
1.000000 720.761006 915.389937 1137.861635 2084.993711 3496.710692 2806.817610 1400.805031 1749.377358 1946.962264 0.055833 806.161194 0.004125 0.296916 0.516236 -0.586207 3.569312 1475.805031 0.345912 2.679245
0.000000 685.642857 935.053571 1157.160714 2577.357143 3326.982143 2331.017857 1563.982143 2151.303571 2430.821429 0.071388 1048.125854 0.002362 0.388178 0.780729 -0.565221 3.087644 1478.232143 1.785714 3.160714
0.000000 788.125000 1093.166667 1436.250000 2641.000000 3662.833333 2704.541667 1803.875000 2268.958333 2511.666667 0.056164 891.142517 0.001934 0.301887 0.598488 -0.542997 1.665602 1477.500000 0.166667 3.000000
0.000000 840.562500 1157.125000 1520.812500 2579.187500 3680.875000 2777.125000 1847.812500 2238.687500 2451.562500 0.088765 1392.975952 0.002948 0.261029 0.505648 -0.523610 2.227356 1473.125000 0.000000 3.312500
1.000000 701.966038 915.701887 1140.694340 2223.260377 3562.109434 2714.116981 1441.400000 1859.271698 2076.973585 0.066995 997.907776 0.006228 0.326377 0.592239 -0.592553 4.428941 1490.928302 1.456604 3.701887
1.000000 672.911765 891.044118 1138.573529 2208.529412 3677.338235 2539.441176 1441.691176 1832.441176 2048.794118 0.054443 837.146729 0.003401 0.322728 0.574840 -0.611237 2.440682 1487.941176 3.279412 4.000000
1.000000 700.939394 929.363636 1164.212121 2374.121212 3841.757576 2654.727273 1502.121212 1981.121212 2217.181818 0.053637 836.450378 0.003648 0.348080 0.661643 -0.612662 3.584337 1489.636364 2.636364 4.000000
1.000000 768.670103 1018.221649 1293.912371 2300.902062 3979.041237 2891.902062 1603.298969 1963.469072 2159.664948 0.047328 755.140442 0.002677 0.281584 0.518832 -0.593812 3.042590 1500.701031 2.835052 3.917526
1.000000 832.368421 1103.460526 1402.986842 2430.434211 4057.578947 2977.302632 1717.986842 2077.973684 2282.289474 0.042546 687.319519 0.002421 0.272600 0.519475 -0.575341 3.085543 1498.960526 3.578947 4.000000
1.000000 605.166667 819.573333 1004.700000 2163.633333 3165.133333 2277.086667 1328.873333 1795.106667 2016.600000 0.079002 1150.553955 0.005848 0.368609 0.650663 -0.588894 3.583172 1504.846667 0.220000 3.113333
1.000000 608.618644 798.101695 994.389831 2009.932203 3325.059322 2483.593220 1281.415254 1675.076271 1870.508475 0.065499 925.158264 0.006725 0.338090 0.565709 -0.612899 3.636020 1531.711864 0.627119 1.601695
1.000000 660.495652 851.543478 1072.030435 2049.421739 3385.721739 2530.282609 1347.452174 1717.939130 1915.082609 0.069901 940.067932 0.003601 0.312914 0.534419 -0.598829 4.571759 1516.586957 0.373913 2.969565
1.000000 612.171429 820.377143 1011.988571 2112.920000 3230.965714 2225.011429 1332.462857 1779.737143 1985.657143 0.061022 785.182678 0.002878 0.356470 0.616092 -0.595728 3.299744 1484.634286 0.502857 4.274286
1.000000 752.042017 1013.218487 1263.991597 2470.605042 3836.226891 2729.512605 1621.008403 2093.991597 2320.831933 0.053665 851.932922 0.002093 0.325262 0.640438 -0.583206 3.978704 1486.714286 0.142857 4.075630
1.000000 764.860465 1070.930233 1427.046512 2424.348837 3613.558140 2697.720930 1737.604651 2093.395349 2294.395349 0.054966 799.287903 0.001368 0.259824 0.473859 -0.542351 2.126486 1481.511628 1.372093 4.883721
1.000000 579.784314 801.215686 991.441176 2093.382353 2845.382353 2067.294118 1305.303922 1766.117647 1978.392157 0.075007 961.173279 0.004327 0.361569 0.612972 -0.560805 2.984344 1474.911765 0.019608 4.686275
1.000000 606.285714 810.066667 1051.952381 1987.438095 3021.523810 2221.333333 1325.209524 1646.019048 1835.342857 0.072136 894.055237 0.004039 0.310003 0.495715 -0.576540 4.564601 1418.742857 0.047619 3.914286
1.000000 570.229167 793.735417 1037.741667 2022.481250 2933.460417 2080.868750 1335.985417 1701.247917 1894.737500 0.070903 874.794800 0.004383 0.326333 0.522425 -0.574084 3.630775 1424.864583 0.218750 4.027083
1.000000 533.532258 727.129032 883.354839 1878.209677 2609.822581 1826.483871 1174.435484 1584.435484 1772.177419 0.079974 865.279602 0.005691 0.360324 0.565239 -0.564489 3.199769 1419.306452 0.193548 4.919355
1.000000 546.600000 770.700000 1001.700000 1957.500000 2778.400000 1997.600000 1294.200000 1627.500000 1818.300000 0.079913 1023.361816 0.007847 0.323777 0.505585 -0.565985 2.791262 1409.400000 0.300000 5.000000
0.000000 894.521739 1282.391304 1711.347826 2889.347826 3730.739130 3009.782609 2053.565217 2455.652174 2699.347826 0.083342 1394.019409 0.001930 0.263920 0.536147 -0.492913 5.536602 1416.260870 0.000000 1.521739
0.000000 929.700000 1307.800000 1746.700000 2678.800000 3678.200000 3111.600000 2050.200000 2328.700000 2523.300000 0.078554 1296.222900 0.001767 0.211914 0.403857 -0.476295 4.514421 1417.200000 0.000000 1.800000
0.000000 788.754545 1161.072727 1603.909091 2648.981818 3463.400000 2733.536364 1953.827273 2313.454545 2523.172727 0.080420 1248.252930 0.002380 0.248521 0.462651 -0.499578 1.698646 1426.554545 3.327273 2.409091
0.000000 921.413793 1292.896552 1670.275862 2814.275862 3579.620690 2975.517241 2026.655172 2465.344828 2692.448276 0.068863 1146.892944 0.002413 0.257924 0.533601 -0.471136 1.633248 1433.344828 4.482759 2.310345
0.000000 826.345070 1123.478873 1493.936620 2450.105634 3597.190141 2838.232394 1808.556338 2149.739437 2346.725352 0.069163 1059.317749 0.001807 0.247093 0.451909 -0.528064 2.495183 1522.725352 2.514085 1.795775
0.000000 694.777358 1072.452830 1562.407547 2417.132075 3480.135849 2876.147170 1866.407547 2170.071698 2345.188679 0.064362 975.648132 0.002046 0.217897 0.350401 -0.532109 2.535275 1444.139623 2.316981 2.966038
1.000000 528.531250 686.062500 837.125000 1741.593750 2837.781250 2132.718750 1091.875000 1453.843750 1635.281250 0.084941 1023.185059 0.008850 0.351727 0.520499 -0.611406 4.398714 1530.968750 1.312500 1.781250
1.000000 630.792593 814.118519 1003.488889 2028.429630 3177.962963 2542.474074 1273.140741 1687.703704 1896.792593 0.069511 960.753601 0.003849 0.336264 0.576496 -0.592461 4.286584 1527.822222 0.303704 1.637037
1.000000 617.371429 814.600000 1057.085714 2008.628571 3519.914286 2387.657143 1326.542857 1663.057143 1863.428571 0.067006 921.437805 0.003247 0.309759 0.508822 -0.623995 3.504765 1534.571429 1.114286 2.971429
1.000000 831.666667 1068.000000 1415.000000 2306.333333 3985.333333 2907.000000 1681.000000 1959.333333 2160.666667 0.060426 974.136414 0.001653 0.239643 0.435577 -0.577547 6.117673 1520.666667 0.333333 3.000000
0.000000 888.885714 1189.400000 1589.742857 2588.714286 4000.114286 3058.685714 1918.200000 2243.400000 2443.857143 0.068360 1123.452515 0.001826 0.239522 0.466567 -0.541984 3.074553 1521.485714 0.428571 2.714286
0.000000 554.711268 786.908451 958.077465 2341.901408 2909.401408 2000.922535 1349.373239 1943.218310 2203.852113 0.077734 999.629822 0.003498 0.428011 0.786742 -0.577905 4.254537 1515.697183 1.739437 1.415493
0.000000 1032.349206 1397.634921 1791.809524 2883.365079 3923.698413 3150.682540 2123.936508 2527.603175 2752.142857 0.077049 1347.521606 0.002563 0.235685 0.504164 -0.476748 3.168330 1516.158730 1.142857 1.809524
1.000000 819.947368 1088.921053 1387.526316 2318.763158 3751.815789 2733.394737 1670.921053 1989.921053 2189.947368 0.061224 919.431763 0.001928 0.253679 0.464090 -0.551303 5.181134 1509.210526 0.000000 3.578947
1.000000 868.200000 1175.133333 1506.333333 2481.133333 3959.266667 2837.733333 1795.600000 2126.133333 2331.266667 0.053093 852.555420 0.001697 0.247353 0.471188 -0.544006 3.119610 1511.466667 0.000000 3.800000
1.000000 702.307692 939.538462 1225.000000 2303.230769 3737.307692 2527.076923 1523.692308 1902.461538 2128.153846 0.085729 1165.598145 0.002161 0.305708 0.560095 -0.598260 3.175216 1500.846154 0.000000 4.000000
1.000000 543.939394 749.363636 996.909091 2015.015152 2819.378788 2075.045455 1292.090909 1682.863636 1885.590909 0.103039 1259.262085 0.019383 0.341085 0.544662 -0.581317 2.448528 1478.939394 0.030303 4.000000
1.000000 689.580645 917.564516 1190.887097 2222.354839 3485.201613 2481.266129 1494.935484 1853.266129 2057.620968 0.056292 772.150696 0.002024 0.304880 0.540358 -0.583430 2.949855 1446.733871 0.250000 3.491935
1.000000 807.166667 1091.541667 1401.166667 2540.541667 3588.770833 2700.083333 1749.791667 2160.520833 2375.916667 0.054001 793.192322 0.001707 0.292195 0.575659 -0.534051 2.892530 1440.395833 0.020833 4.000000
1.000000 594.273684 813.400000 1036.684211 2246.768421 3183.442105 2083.631579 1368.136842 1838.905263 2070.336842 0.074237 997.105408 0.004365 0.370175 0.663548 -0.591101 2.492538 1448.305263 0.684211 4.000000
1.000000 571.730769 790.538462 1056.346154 2075.192308 2921.076923 1992.153846 1356.769231 1714.115385 1910.423077 0.093495 1033.229370 0.002760 0.326336 0.534800 -0.574344 2.701701 1432.769231 0.000000 4.000000
1.000000 573.034483 788.206897 997.827586 2050.758621 2771.793103 1994.793103 1284.448276 1695.344828 1896.551724 0.070095 861.157349 0.004269 0.349088 0.576979 -0.558646 5.072767 1420.034483 0.034483 4.172414
1.000000 701.274336 925.309735 1126.013274 2333.442478 3425.159292 2646.194690 1443.707965 1960.185841 2200.110619 0.069645 1040.411743 0.005707 0.353471 0.676235 -0.575835 2.569188 1474.508850 0.380531 3.845133
1.000000 650.248555 957.988439 1118.647399 2548.849711 3164.820809 2330.468208 1596.196532 2196.063584 2429.317919 0.051836 747.950317 0.001619 0.393990 0.785237 -0.535746 2.838169 1470.531792 2.924855 3.173410
1.000000 829.651724 1120.144828 1416.917241 2581.129310 3894.432759 3021.848276 1781.901724 2220.320690 2445.056897 0.037856 607.710693 0.000920 0.294945 0.593262 -0.555183 3.021683 1485.401724 1.146552 2.596552
0.000000 710.790055 1002.917127 1290.287293 2663.569061 3494.044199 2565.994475 1678.066298 2237.662983 2516.817680 0.067477 1034.311279 0.001881 0.355167 0.714093 -0.557628 2.870890 1474.546961 3.000000 4.900552
1.000000 728.417989 963.534392 1187.698413 2304.349206 3763.777778 2799.380952 1512.148148 1946.867725 2165.793651 0.054623 848.705872 0.003413 0.321783 0.605432 -0.592953 4.128939 1460.973545 0.264550 4.291005
1.000000 708.406716 948.145522 1180.026119 2376.805970 3534.447761 2577.936567 1526.582090 1999.201493 2236.197761 0.054444 794.265564 0.001859 0.339219 0.647717 -0.578880 3.546077 1469.123134 0.369403 3.578358
1.000000 780.615385 1050.230769 1335.923077 2451.461538 3759.846154 2682.769231 1661.923077 2052.461538 2275.461538 0.071858 1125.947388 0.003609 0.295229 0.571815 -0.564061 2.238272 1374.769231 0.000000 4.000000
1.000000 654.941176 911.058824 1154.588235 2248.529412 3381.294118 2380.941176 1454.411765 1855.882353 2070.000000 0.076254 1048.287842 0.003405 0.323544 0.575851 -0.577096 2.558922 1354.647059 0.000000 4.000000
0.000000 590.875000 818.500000 1006.750000 2376.250000 3127.000000 2141.000000 1401.625000 1950.875000 2209.625000 0.059493 833.207153 0.003233 0.409346 0.768851 -0.587572 6.225458 1381.750000 0.250000 2.500000
1.000000 522.567308 747.875000 930.105769 2028.163462 2947.846154 2004.682692 1260.009615 1696.480769 1894.442308 0.069135 817.957886 0.003763 0.372946 0.609408 -0.595817 2.617868 1362.038462 3.778846 3.096154
1.000000 643.678049 877.804878 1133.375610 2102.639024 3293.014634 2295.526829 1431.312195 1767.326829 1957.219512 0.069408 881.252258 0.003432 0.302585 0.504732 -0.580761 2.629061 1355.385366 0.229268 3.424390
1.000000 619.314815 870.166667 1047.962963 2420.351852 3109.648148 2237.611111 1428.685185 1999.092593 2256.092593 0.077741 1034.377808 0.004107 0.405991 0.770119 -0.566287 3.747862 1361.759259 1.074074 3.981481
0.000000 1101.007812 1470.617188 1886.843750 2918.828125 4079.929688 3442.585938 2216.757812 2545.367188 2758.468750 0.059419 1057.240845 0.001259 0.218717 0.468905 -0.471474 2.444883 1368.320312 1.187500 2.648438
0.000000 854.053571 1177.607143 1580.767857 2600.178571 3954.511905 3044.767857 1918.029762 2237.279762 2443.684524 0.058768 927.096802 0.001486 0.245787 0.471015 -0.542486 2.391515 1363.523810 2.898810 2.267857
1.000000 749.802817 1024.619718 1284.084507 2440.732394 3487.140845 2573.042254 1638.394366 2059.816901 2283.281690 0.062346 892.654480 0.002573 0.315948 0.604459 -0.548038 3.418990 1351.985915 0.070423 4.140845
1.000000 764.948905 1038.131387 1348.635036 2368.364964 3795.883212 2814.686131 1671.890511 2014.043796 2207.532847 0.048866 746.736206 0.001605 0.275575 0.509055 -0.571065 2.129356 1375.817518 5.000000 3.927007
1.000000 569.600000 760.280000 996.160000 1888.600000 3406.200000 2372.120000 1252.120000 1551.680000 1737.040000 0.068073 841.463257 0.002378 0.309155 0.475121 -0.635345 2.528498 1376.360000 5.000000 3.000000
1.000000 682.555556 921.925926 1150.185185 2370.703704 3386.666667 2520.111111 1483.296296 1976.962963 2209.740741 0.066224 972.841553 0.004934 0.347261 0.663307 -0.572925 2.131059 1375.370370 4.888889 4.000000
0.000000 653.873874 927.189189 1276.000000 2297.603604 3395.693694 2530.072072 1622.738739 1980.414414 2167.873874 0.064611 909.474792 0.002266 0.288149 0.497185 -0.571921 1.905628 1381.279279 5.000000 1.828829
1.000000 719.625000 974.718750 1268.890625 2227.578125 3788.265625 2718.484375 1585.171875 1901.734375 2087.890625 0.059696 867.558105 0.001778 0.274719 0.482370 -0.591319 2.378083 1373.609375 3.062500 4.000000
1.000000 869.540541 1216.200000 1562.145946 2800.664865 3960.340541 3010.167568 1956.875676 2416.994595 2650.254054 0.056940 929.778381 0.002027 0.293296 0.605534 -0.534064 2.593066 1392.513514 0.162162 4.800000
0.000000 833.497942 1162.734568 1519.275720 2662.707819 3776.473251 2854.413580 1865.454733 2267.314815 2497.925926 0.077914 1260.617310 0.002605 0.278561 0.550354 -0.532055 3.335723 1368.921811 0.668724 2.483539
1.000000 626.705036 865.733813 1039.424460 2417.395683 3247.043165 2440.309353 1404.043165 2005.971223 2259.618705 0.076230 1113.272705 0.008363 0.400834 0.777214 -0.579666 2.920356 1402.906475 0.323741 3.007194
1.000000 709.859316 996.558935 1242.395437 2518.866920 3590.197719 2621.098859 1620.498099 2126.931559 2364.243346 0.060942 931.392822 0.002930 0.343652 0.673115 -0.567040 4.125227 1392.619772 0.182510 3.825095
1.000000 677.603448 931.155172 1176.206897 2310.353448 3407.422414 2607.215517 1512.939655 1938.758621 2145.844828 0.070398 1019.748840 0.005477 0.334361 0.602405 -0.575396 2.262927 1396.034483 0.025862 2.939655
1.000000 665.506944 901.361111 1118.597222 2289.402778 3264.694444 2416.944444 1450.465278 1914.298611 2131.875000 0.066539 905.369446 0.003089 0.349478 0.640446 -0.570005 3.163583 1397.479167 0.069444 3.131944
0.000000 845.465909 1194.721591 1608.852273 2670.590909 3829.715909 3053.386364 1946.420455 2308.630682 2515.789773 0.067643 1075.052734 0.001688 0.256483 0.488607 -0.530028 2.722572 1411.625000 3.460227 1.784091
0.000000 870.444444 1162.034188 1495.923077 2647.341880 3888.615385 3039.863248 1853.136752 2262.581197 2483.136752 0.051150 805.200317 0.001299 0.280651 0.574037 -0.540990 2.338081 1419.333333 3.076923 1.376068
1.000000 764.765432 1005.543210 1268.160494 2329.592593 3512.222222 2672.728395 1578.753086 1956.296296 2164.419753 0.065182 938.026245 0.002199 0.297696 0.558375 -0.556262 2.981032 1404.901235 0.037037 3.975309
0.000000 859.876543 1174.382716 1571.197531 2540.543210 3775.888889 2846.074074 1892.716049 2201.074074 2391.395062 0.078088 1176.685547 0.001664 0.239905 0.448364 -0.529237 2.574119 1409.296296 3.000000 2.098765
1.000000 698.568627 903.529412 1119.117647 2098.490196 3584.470588 2832.980392 1413.529412 1746.843137 1934.078431 0.060831 849.635620 0.001813 0.306677 0.534486 -0.598811 3.335101 1408.078431 0.039216 2.156863
1.000000 703.816514 932.018349 1146.284404 2231.623853 3552.394495 2645.467890 1465.256881 1885.871560 2093.357798 0.053780 766.037048 0.003174 0.323409 0.592641 -0.584706 2.651640 1418.366972 0.697248 4.000000
1.000000 595.909091 790.854545 934.527273 2245.363636 2887.090909 2136.418182 1278.490909 1870.454545 2123.309091 0.075619 943.153564 0.003369 0.418455 0.770496 -0.572295 3.706844 1433.472727 0.309091 2.781818
0.000000 897.236364 1211.000000 1572.072727 2716.127273 3794.218182 2934.490909 1923.327273 2336.509091 2573.872727 0.067156 1061.704468 0.001275 0.274592 0.557340 -0.521240 3.515380 1437.981818 2.636364 1.763636
1.000000 652.221239 868.159292 1054.371681 2140.876106 3163.477876 2452.371681 1369.327434 1805.141593 2009.123894 0.060695 829.938477 0.003903 0.344480 0.607942 -0.570512 3.514660 1457.415929 0.424779 1.787611
1.000000 628.029412 829.220588 1044.264706 1978.088235 3167.558824 2243.985294 1321.602941 1675.632353 1860.235294 0.073194 930.716064 0.004651 0.310512 0.506589 -0.585932 3.718327 1518.058824 0.382353 2.014706
0.000000 799.541176 1134.517647 1519.176471 2464.764706 3227.600000 2708.588235 1842.058824 2189.047059 2374.564706 0.071730 1060.566040 0.002501 0.237994 0.431147 -0.480866 2.181154 1527.858824 2.847059 1.800000
1.000000 619.425000 803.425000 1023.375000 1897.150000 3326.525000 2326.400000 1279.075000 1604.025000 1783.900000 0.068477 850.062012 0.002891 0.299644 0.471496 -0.611792 3.084896 1518.725000 0.100000 3.375000
1.000000 629.833333 824.055556 1020.711111 2010.622222 3215.688889 2367.333333 1297.655556 1689.066667 1888.522222 0.072779 946.270813 0.004143 0.326210 0.550841 -0.592587 2.919113 1498.655556 0.255556 3.000000
1.000000 723.712329 967.730594 1198.013699 2343.401826 3511.762557 2554.502283 1530.926941 1989.191781 2210.095890 0.062711 930.759705 0.004179 0.325049 0.615666 -0.569906 3.762043 1487.940639 0.283105 4.730594
1.000000 740.078652 983.455056 1208.651685 2325.258427 3500.134831 2558.331461 1542.668539 1979.410112 2192.629213 0.058266 834.123230 0.003109 0.325616 0.604835 -0.565651 4.390296 1484.848315 0.140449 4.460674
1.000000 612.372414 810.068966 991.758621 2076.434483 3220.337931 2241.365517 1290.165517 1726.772414 1937.241379 0.062784 796.599976 0.003519 0.360183 0.613459 -0.600590 4.104901 1486.331034 0.193103 3.255172
1.000000 663.980315 880.519685 1063.405512 2224.444882 3030.496063 2407.881890 1377.098425 1869.570866 2091.771654 0.071475 1013.504089 0.007403 0.354645 0.656645 -0.550456 3.329705 1455.854331 0.137795 2.602362
1.000000 542.362069 746.775862 898.534483 2058.931034 2848.534483 2019.810345 1220.362069 1711.189655 1929.465517 0.084552 1046.121460 0.011451 0.395108 0.666837 -0.586281 4.457595 1399.275862 0.034483 4.017241
1.000000 531.500000 740.200000 916.900000 1906.100000 2756.100000 1790.500000 1202.100000 1592.800000 1786.100000 0.070509 853.571960 0.005659 0.350486 0.548644 -0.576386 2.280298 1396.200000 0.000000 4.800000
0.000000 707.321429 984.714286 1218.285714 2650.821429 3449.964286 2528.750000 1636.392857 2244.000000 2523.571429 0.063163 926.791931 0.000968 0.378231 0.773404 -0.559579 3.478966 1405.750000 0.500000 1.750000
1.000000 552.507042 771.140845 930.197183 2153.126761 2828.774648 2025.830986 1277.549296 1794.802817 2018.563380 0.091276 1189.696533 0.010183 0.402206 0.695729 -0.574991 4.447191 1402.901408 0.000000 3.971831
0.000000 955.137931 1335.784483 1812.129310 2974.422414 3942.543103 3052.508621 2198.556034 2611.025862 2825.267241 0.055698 987.546875 0.001954 0.248934 0.516835 -0.496902 1.645085 1423.030172 3.931034 2.383621
1.000000 707.193548 920.559140 1152.881720 2143.763441 3303.924731 2666.419355 1438.870968 1792.860215 1978.365591 0.073657 1058.431152 0.003207 0.302660 0.533268 -0.565499 2.651680 1422.913978 2.279570 2.763441
1.000000 737.502564 1029.579487 1297.138462 2572.184615 3484.143590 2600.830769 1670.728205 2182.476923 2417.358974 0.064493 979.144531 0.004123 0.336612 0.664652 -0.546658 3.814754 1400.476923 0.225641 4.051282
1.000000 696.636792 921.433962 1164.462264 2170.740566 3404.731132 2578.400943 1454.665094 1834.698113 2035.712264 0.068957 1015.109375 0.003852 0.304636 0.536448 -0.574587 2.669993 1435.981132 0.306604 3.396226
0.000000 537.134328 738.626866 1016.223881 2351.238806 3145.268657 2079.582090 1397.283582 1879.626866 2152.820896 0.077203 1157.635254 0.006074 0.396863 0.719822 -0.619758 2.026252 1436.731343 1.179104 4.000000
1.000000 620.573333 829.886667 976.873333 2302.006667 3043.093333 2388.200000 1302.666667 1922.713333 2178.246667 0.077136 1105.088135 0.009391 0.402483 0.772623 -0.571678 2.659094 1458.353333 0.226667 2.846667
1.000000 623.207547 838.905660 1119.283019 2037.641509 3126.566038 2160.613208 1387.433962 1686.603774 1874.830189 0.076838 963.442932 0.004428 0.292756 0.471131 -0.577811 2.638188 1437.311321 0.207547 5.000000
1.000000 726.695652 946.152174 1186.326087 2249.565217 3484.717391 2722.673913 1497.543478 1892.913043 2110.804348 0.080552 1171.040283 0.003268 0.314189 0.575878 -0.574165 2.516342 1437.217391 0.413043 4.000000
0.000000 1012.678571 1392.698980 1829.678571 2875.520408 4097.321429 3287.714286 2175.005102 2530.612245 2743.744898 0.073201 1335.715454 0.001504 0.223858 0.465487 -0.493495 2.393428 1445.862245 3.188776 2.306122
0.000000 884.967290 1295.799065 1763.612150 2854.733645 3721.317757 3027.560748 2158.794393 2572.350467 2772.864486 0.060133 1001.723328 0.002266 0.239413 0.472754 -0.484907 3.008275 1465.345794 3.373832 1.588785
0.000000 1013.583333 1416.262626 1866.952020 2794.717172 3717.785354 3047.136364 2196.022727 2537.664141 2720.148990 0.056747 978.656250 0.001804 0.204537 0.396878 -0.452856 2.195588 1509.633838 4.707071 1.573232
0.000000 825.622951 1157.024590 1554.196721 2621.426230 3753.778689 2895.106557 1906.803279 2278.106557 2484.418033 0.065924 1025.741577 0.001677 0.257887 0.496244 -0.530113 2.012704 1428.901639 4.000000 2.401639
1.000000 855.533333 1099.950000 1391.100000 2425.150000 3937.266667 3047.750000 1686.216667 2039.000000 2253.766667 0.059441 957.114990 0.002745 0.273086 0.533480 -0.564438 3.741594 1404.783333 0.016667 4.100000
0.000000 980.683333 1338.975000 1754.033333 2904.758333 4069.733333 3239.733333 2137.033333 2538.025000 2759.116667 0.053777 949.713989 0.001672 0.249618 0.531520 -0.506498 2.742994 1418.175000 3.591667 2.016667
1.000000 720.550725 964.478261 1237.782609 2323.884058 3507.347826 2594.724638 1557.028986 1952.115942 2172.623188 0.073128 1068.779907 0.003044 0.310566 0.568222 -0.571422 3.577492 1411.811594 0.159420 4.405797
1.000000 647.605263 904.855263 1125.243421 2371.730263 3236.217105 2320.427632 1480.000000 1983.256579 2210.427632 0.066865 926.394836 0.002986 0.363897 0.674710 -0.566461 2.671973 1379.059211 0.539474 3.973684
0.000000 910.732143 1272.705357 1736.375000 2823.321429 4083.758929 3194.607143 2104.098214 2464.062500 2672.857143 0.051377 886.855774 0.001439 0.240005 0.482090 -0.525895 1.982414 1389.553571 4.946429 3.000000
1.000000 602.964286 805.880952 1012.690476 2048.880952 3016.107143 2237.488095 1312.690476 1709.607143 1910.011905 0.077897 934.679016 0.004662 0.345626 0.574186 -0.581362 2.197065 1417.642857 0.130952 3.892857
0.000000 908.422078 1223.889610 1613.967532 2665.012987 3944.688312 3127.129870 1967.311688 2316.551948 2516.545455 0.043772 714.391296 0.001363 0.248212 0.495540 -0.527778 2.798376 1428.084416 3.902597 1.389610
0.000000 920.219251 1268.422460 1687.834225 2705.122995 3862.374332 3102.053476 2038.502674 2382.973262 2580.481283 0.059624 966.071289 0.001413 0.234170 0.461040 -0.507544 1.957406 1429.860963 3.962567 1.786096
1.000000 726.439024 980.158537 1225.304878 2452.914634 3570.256098 2612.792683 1567.341463 2042.170732 2274.024390 0.063841 971.179871 0.005126 0.339697 0.661333 -0.569800 4.137798 1419.280488 0.121951 3.000000
1.000000 757.357143 1000.928571 1262.607143 2389.678571 3469.750000 2731.714286 1592.357143 2010.000000 2233.714286 0.083091 1267.029297 0.004715 0.311201 0.597494 -0.552924 3.472349 1424.464286 0.285714 1.892857
0.000000 924.545455 1273.920455 1685.215909 2767.522727 3781.250000 2971.136364 2049.375000 2421.659091 2632.090909 0.071506 1122.450684 0.001700 0.245790 0.498278 -0.497396 1.543189 1432.431818 3.568182 1.681818
1.000000 703.457831 941.048193 1159.457831 2367.253012 3268.445783 2510.421687 1478.216867 1990.939759 2225.385542 0.075727 1150.804077 0.006207 0.343973 0.659956 -0.554066 3.481562 1432.831325 0.204819 3.975904
0.000000 836.500000 1153.255814 1519.383721 2561.709302 3641.593023 2894.116279 1872.558140 2253.720930 2447.046512 0.054961 867.713501 0.002377 0.258447 0.496135 -0.520525 2.382652 1444.604651 4.000000 1.744186
1.000000 723.552239 962.000000 1201.164179 2306.432836 3393.477612 2632.582090 1511.656716 1942.597015 2157.492537 0.076084 1166.736084 0.004966 0.316742 0.592385 -0.558735 4.022295 1437.686567 0.985075 2.283582
1.000000 546.035714 743.000000 938.392857 1980.767857 2898.357143 1945.982143 1229.714286 1647.357143 1852.482143 0.080292 933.836243 0.004892 0.362951 0.582329 -0.592557 2.862914 1477.607143 0.000000 4.839286
0.000000 743.179104 1063.298507 1402.179104 2499.791045 3281.492537 2516.328358 1750.104478 2192.134328 2405.791045 0.077613 1117.130859 0.003059 0.283555 0.531009 -0.511880 1.403270 1494.089552 3.597015 1.985075
1.000000 473.388430 626.198347 784.644628 1653.148760 2785.553719 1887.809917 1043.214876 1379.661157 1547.884298 0.089742 1082.362915 0.011791 0.356055 0.494875 -0.633037 2.989689 1504.024793 0.760331 1.942149
0.000000 605.370370 807.222222 1017.967593 2132.754630 3108.606481 2231.814815 1342.953704 1785.000000 2007.268519 0.072541 897.919556 0.002828 0.354442 0.618686 -0.588301 2.350366 1521.703704 4.000000 1.912037
0.000000 689.495238 940.209524 1196.552381 2476.504762 3285.771429 2433.066667 1555.076190 2065.847619 2312.857143 0.072696 1050.980835 0.002922 0.357239 0.687134 -0.559850 2.040760 1428.038095 3.000000 2.961905
1.000000 739.120000 991.520000 1283.120000 2386.600000 3704.200000 2655.320000 1600.360000 1984.440000 2198.880000 0.058519 916.774292 0.003557 0.301930 0.568708 -0.578437 2.650771 1423.960000 0.280000 4.000000
1.000000 747.000000 991.307692 1259.846154 2515.769231 3820.076923 2697.384615 1611.923077 2083.692308 2320.153846 0.062323 1011.203979 0.003529 0.333269 0.667133 -0.587953 1.573378 1416.923077 0.000000 4.000000
0.000000 673.228571 914.657143 1215.857143 2294.142857 3411.371429 2530.714286 1544.228571 1957.514286 2167.028571 0.060695 842.476807 0.001912 0.306674 0.550027 -0.578742 2.181657 1421.514286 3.000000 4.000000
1.000000 541.625000 752.000000 942.357143 2016.178571 2700.142857 1936.625000 1257.571429 1690.035714 1893.464286 0.082079 986.624146 0.009202 0.368612 0.597784 -0.565538 3.090309 1416.732143 0.160714 3.553571
0.000000 839.327434 1187.132743 1570.256637 2673.353982 3775.221239 2973.106195 1924.911504 2320.637168 2537.858407 0.076155 1203.830566 0.003542 0.264718 0.514709 -0.525680 3.244248 1419.575221 3.000000 3.265487
1.000000 642.279570 889.494624 1129.451613 2293.397849 3075.419355 2307.344086 1469.451613 1930.795699 2153.354839 0.074859 1025.851440 0.007213 0.347655 0.623109 -0.553927 2.639251 1410.053763 0.268817 3.989247
0.000000 884.440329 1247.119342 1642.670782 2753.201646 3726.135802 2985.716049 2016.296296 2408.493827 2620.555556 0.068177 1127.535522 0.004236 0.259639 0.513625 -0.503446 2.723604 1409.810700 2.378601 3.534979
1.000000 612.500000 845.812500 1061.062500 2418.000000 3465.750000 2293.062500 1432.625000 1982.812500 2237.000000 0.068014 975.855835 0.004992 0.390309 0.746786 -0.607878 2.544083 1416.187500 1.000000 4.000000
0.000000 1033.984127 1459.063492 1927.666667 3087.873016 4095.349206 3356.063492 2321.888889 2753.507937 2966.634921 0.052532 1009.616882 0.002327 0.232261 0.504217 -0.474113 2.161840 1432.746032 4.000000 2.111111
1.000000 475.736842 645.460526 787.105263 1762.407895 2440.447368 1719.105263 1063.052632 1463.986842 1643.434211 0.094242 1016.535583 0.015883 0.382589 0.564886 -0.581927 2.930582 1556.578947 1.250000 4.000000
0.000000 745.223529 1060.713725 1419.266667 2516.854902 3493.890196 2588.333333 1764.894118 2196.901961 2400.996078 0.091471 1373.983398 0.004070 0.286041 0.529909 -0.538272 3.365483 1566.796078 3.929412 1.109804
0.000000 613.528646 857.346354 1125.166667 2202.164062 3131.364583 2339.304688 1462.976562 1886.440104 2088.067708 0.072151 976.831360 0.004281 0.325782 0.561949 -0.570967 2.224529 1491.158854 3.877604 1.718750
1.000000 733.695122 964.585366 1240.390244 2209.756098 3796.256098 2741.743902 1529.670732 1865.219512 2058.317073 0.048143 739.608215 0.002482 0.282459 0.502342 -0.595717 2.992531 1507.146341 4.597561 4.000000
1.000000 681.560000 936.686667 1145.973333 2251.293333 3563.326667 2548.100000 1487.513333 1920.366667 2124.433333 0.051165 716.711792 0.002761 0.333543 0.597863 -0.586704 3.088440 1481.040000 0.100000 4.613333
1.000000 781.774725 1094.192308 1362.406593 2579.730769 3933.472527 2920.714286 1733.598901 2210.983516 2436.510989 0.048949 791.683350 0.002875 0.324626 0.634832 -0.571826 2.503062 1477.401099 0.192308 4.467033
1.000000 589.511111 769.155556 911.977778 1939.900000 3014.733333 2356.055556 1188.588889 1624.366667 1816.466667 0.075928 985.609558 0.006442 0.361782 0.599549 -0.593598 2.935181 1529.100000 0.866667 3.900000
1.000000 638.052632 849.836842 1082.157895 2096.068421 3394.357895 2540.568421 1367.426316 1752.989474 1952.484211 0.054024 771.151794 0.002782 0.320513 0.546605 -0.600603 2.601923 1499.168421 0.894737 3.978947
1.000000 615.273585 806.698113 946.386792 2016.735849 3099.117925 2529.000000 1238.839623 1700.080189 1899.882075 0.067904 906.409790 0.005570 0.362703 0.621188 -0.587534 4.368812 1543.981132 0.410377 1.985849
0.000000 677.075439 994.817544 1393.226316 2382.128070 3320.177193 2483.256140 1721.508772 2100.801754 2288.842105 0.081972 1176.563599 0.003445 0.265487 0.455139 -0.541091 2.819349 1539.973684 3.996491 3.573684
0.000000 874.376068 1216.381766 1557.923077 2758.641026 3557.641026 2766.361823 1919.549858 2404.418803 2639.478632 0.071350 1148.810303 0.002299 0.287846 0.591351 -0.494341 3.263623 1522.823362 3.737892 1.581197
1.000000 636.728155 859.660194 1083.553398 2207.077670 3273.728155 2251.582524 1399.922330 1846.310680 2065.757282 0.073708 998.817383 0.005932 0.342907 0.612025 -0.584362 4.679685 1508.378641 0.368932 3.902913
1.000000 664.562500 868.851562 1074.562500 2095.851562 3504.898438 2587.632812 1358.710938 1747.632812 1948.093750 0.058537 823.004272 0.004130 0.324287 0.562718 -0.603282 4.395618 1504.921875 0.625000 3.601562
